inserted [92111466, 1, 14, 1, 19]
inserted [92109919, 13, 2, 10, 10]
inserted [92110921, 2, 4, 1, 18]
inserted [92106924, 14, 15, 10, 20]
inserted [92110295, 10, 6, 10, 19]
inserted [92110028, 15, 4, 5, 5]
inserted [92108010, 19, 8, 15, 6]
inserted [92111611, 3, 8, 1, 6]
inserted [92115241, 17, 18, 19, 1]
inserted [92109057, 9, 7, 16, 12]
inserted [92111079, 6, 16, 20, 5]
inserted [92114128, 13, 10, 1, 19]
inserted [92114142, 10, 2, 9, 19]
inserted [92106899, 13, 19, 3, 3]
inserted [92113387, 14, 2, 5, 15]
inserted [92112809, 18, 13, 6, 8]
inserted [92112330, 1, 2, 1, 13]
inserted [92114321, 13, 20, 20, 9]
inserted [92107279, 16, 3, 4, 1]
inserted [92111522, 19, 7, 18, 17]
inserted [92112953, 9, 10, 1, 13]
inserted [92113966, 8, 6, 16, 20]
inserted [92108054, 9, 11, 3, 1]
inserted [92106657, 20, 14, 11, 9]
inserted [92114088, 8, 18, 4, 12]
inserted [92107242, 7, 9, 19, 2]
inserted [92108729, 2, 19, 7, 10]
inserted [92114204, 3, 8, 6, 4]
inserted [92109120, 12, 8, 11, 10]
inserted [92111633, 17, 8, 5, 16]
inserted [92115200, 12, 0, 11, 8]
inserted [92107470, 4, 16, 8, 19]
inserted [92107233, 0, 13, 7, 8]
inserted [92111038, 7, 16, 1, 18]
inserted [92112801, 19, 12, 9, 19]
inserted [92114854, 15, 7, 12, 19]
inserted [92107116, 15, 15, 20, 0]
inserted [92115372, 3, 0, 7, 6]
inserted [92109606, 5, 0, 19, 7]
inserted [92108499, 10, 16, 18, 7]
inserted [92107061, 10, 9, 13, 1]
inserted [92109702, 13, 13, 9, 5]
inserted [92106922, 8, 13, 9, 16]
inserted [92110294, 14, 2, 13, 3]
inserted [92111559, 12, 13, 3, 12]
inserted [92107086, 4, 4, 6, 4]
inserted [92109350, 19, 18, 7, 12]
inserted [92110358, 0, 14, 9, 4]
inserted [92114937, 10, 4, 7, 15]
inserted [92109311, 19, 14, 5, 6]
inserted [92110696, 1, 7, 7, 6]
inserted [92109441, 2, 13, 13, 11]
inserted [92114433, 15, 17, 3, 17]
inserted [92112910, 13, 9, 15, 4]
inserted [92111693, 19, 2, 6, 16]
inserted [92110545, 1, 20, 9, 18]
inserted [92109930, 10, 0, 16, 18]
inserted [92108910, 11, 16, 1, 6]
inserted [92109997, 14, 12, 9, 16]
inserted [92109686, 8, 8, 13, 12]
inserted [92107643, 7, 3, 17, 0]
inserted [92110683, 11, 16, 10, 18]
inserted [92111974, 3, 11, 6, 15]
inserted [92109102, 9, 13, 5, 5]
inserted [92114716, 1, 13, 12, 20]
inserted [92110047, 13, 16, 18, 3]
inserted [92114851, 15, 1, 16, 14]
inserted [92113560, 0, 18, 3, 14]
inserted [92109018, 3, 4, 19, 10]
inserted [92111180, 19, 11, 17, 3]
inserted [92112467, 16, 3, 1, 20]
inserted [92115197, 13, 19, 12, 19]
inserted [92108418, 7, 3, 14, 6]
inserted [92106456, 10, 18, 16, 13]
inserted [92107934, 6, 19, 5, 14]
inserted [92113423, 2, 16, 19, 20]
inserted [92108663, 11, 4, 18, 15]
inserted [92110481, 10, 10, 4, 2]
inserted [92114897, 10, 9, 10, 14]
inserted [92113383, 20, 15, 18, 1]
inserted [92106935, 19, 1, 17, 10]
inserted [92108859, 16, 4, 17, 11]
inserted [92113333, 7, 7, 5, 18]
inserted [92107591, 1, 0, 17, 15]
inserted [92115138, 10, 10, 4, 6]
inserted [92108122, 9, 20, 6, 6]
inserted [92106908, 7, 11, 16, 20]
inserted [92111997, 5, 16, 4, 9]
inserted [92108672, 5, 5, 14, 9]
inserted [92109484, 3, 0, 7, 9]
inserted [92114394, 4, 15, 2, 5]
inserted [92112121, 8, 10, 13, 1]
inserted [92110521, 19, 13, 13, 2]
inserted [92109569, 8, 14, 11, 8]
inserted [92113229, 2, 17, 2, 17]
inserted [92110259, 18, 6, 7, 13]
inserted [92110291, 19, 0, 12, 4]
inserted [92112478, 1, 4, 4, 10]
inserted [92114265, 0, 7, 5, 18]
inserted [92108758, 18, 5, 9, 8]
inserted [92114287, 6, 1, 19, 20]
inserted [92113538, 9, 11, 8, 14]
inserted [92110760, 3, 0, 4, 10]
inserted [92107534, 0, 11, 4, 5]
inserted [92114830, 11, 9, 18, 2]
inserted [92106801, 8, 20, 3, 18]
inserted [92112112, 1, 5, 1, 5]
inserted [92112061, 20, 20, 18, 20]
inserted [92110576, 18, 4, 13, 2]
inserted [92107913, 3, 12, 6, 8]
inserted [92106852, 5, 6, 20, 18]
inserted [92109223, 20, 15, 5, 19]
inserted [92108125, 19, 19, 17, 7]
inserted [92110128, 4, 14, 4, 6]
inserted [92110121, 13, 10, 3, 0]
inserted [92109618, 11, 6, 1, 4]
inserted [92108695, 6, 11, 2, 15]
inserted [92114785, 4, 10, 5, 10]
inserted [92113368, 9, 17, 8, 17]
inserted [92111423, 8, 13, 12, 15]
inserted [92106646, 14, 11, 12, 7]
inserted [92107541, 1, 5, 20, 6]
inserted [92110247, 10, 19, 18, 4]
inserted [92107318, 6, 11, 5, 5]
inserted [92110134, 16, 19, 3, 10]
inserted [92106956, 14, 11, 17, 7]
inserted [92111933, 17, 18, 12, 16]
inserted [92110613, 8, 8, 12, 10]
inserted [92112391, 0, 17, 15, 18]
inserted [92109173, 1, 6, 13, 9]
inserted [92112473, 14, 12, 13, 15]
inserted [92111354, 20, 11, 16, 10]
inserted [92106684, 13, 17, 1, 11]
inserted [92112085, 0, 14, 11, 7]
inserted [92114721, 3, 13, 8, 13]
inserted [92111959, 11, 16, 20, 17]
inserted [92113687, 12, 1, 6, 18]
inserted [92113846, 7, 11, 3, 2]
inserted [92110064, 0, 12, 7, 15]
inserted [92112482, 13, 20, 11, 3]
inserted [92113529, 15, 19, 1, 19]
inserted [92110205, 20, 4, 14, 4]
inserted [92112917, 18, 14, 14, 17]
inserted [92114986, 13, 9, 8, 0]
inserted [92108378, 14, 7, 18, 15]
inserted [92109892, 11, 13, 12, 10]
inserted [92114400, 20, 7, 3, 14]
inserted [92112791, 4, 20, 9, 18]
inserted [92108979, 10, 10, 18, 9]
inserted [92110551, 0, 11, 14, 18]
inserted [92109414, 9, 1, 11, 3]
inserted [92106914, 18, 7, 17, 6]
inserted [92110033, 6, 20, 12, 16]
inserted [92114152, 11, 4, 15, 13]
inserted [92109348, 2, 5, 8, 16]
inserted [92114887, 16, 4, 12, 4]
inserted [92112617, 15, 16, 10, 9]
inserted [92107630, 11, 16, 6, 13]
inserted [92109778, 7, 3, 6, 13]
inserted [92108330, 5, 8, 13, 2]
inserted [92109067, 15, 6, 18, 17]
inserted [92107412, 9, 2, 19, 6]
inserted [92110312, 16, 19, 2, 7]
inserted [92107256, 13, 11, 2, 15]
inserted [92110434, 14, 2, 6, 15]
inserted [92115002, 2, 16, 10, 17]
inserted [92115072, 4, 13, 14, 7]
inserted [92110156, 5, 0, 3, 17]
inserted [92106548, 19, 18, 4, 20]
inserted [92108333, 13, 15, 3, 13]
inserted [92112999, 5, 7, 11, 5]
inserted [92109798, 9, 12, 17, 4]
inserted [92107568, 14, 13, 18, 20]
inserted [92106593, 19, 7, 12, 1]
inserted [92112157, 4, 20, 0, 5]
inserted [92112939, 7, 16, 16, 4]
inserted [92111894, 8, 12, 6, 14]
inserted [92113120, 11, 17, 3, 8]
inserted [92107588, 6, 9, 10, 5]
inserted [92108253, 4, 13, 17, 4]
inserted [92106811, 4, 4, 16, 1]
inserted [92106589, 14, 14, 17, 19]
inserted [92114297, 2, 9, 13, 20]
inserted [92110771, 14, 14, 1, 14]
inserted [92111012, 17, 1, 0, 9]
inserted [92106847, 0, 16, 8, 4]
inserted [92110876, 19, 0, 2, 10]
inserted [92114915, 5, 7, 16, 16]
inserted [92114766, 12, 6, 16, 18]
inserted [92106474, 15, 6, 2, 10]
inserted [92114316, 13, 7, 5, 3]
inserted [92114763, 10, 5, 5, 1]
inserted [92114025, 7, 5, 5, 18]
inserted [92113539, 5, 7, 8, 1]
inserted [92106664, 19, 17, 2, 20]
inserted [92114430, 2, 17, 16, 20]
inserted [92114475, 0, 12, 16, 14]
inserted [92109601, 3, 13, 6, 12]
inserted [92108404, 14, 0, 20, 12]
inserted [92107906, 4, 10, 0, 14]
inserted [92110791, 20, 11, 3, 4]
inserted [92112125, 20, 18, 15, 17]
inserted [92114156, 20, 18, 14, 4]
inserted [92107556, 17, 6, 6, 13]
inserted [92112503, 9, 13, 8, 9]
inserted [92114662, 1, 7, 8, 5]
inserted [92113804, 0, 7, 2, 4]
inserted [92114837, 15, 2, 10, 20]
inserted [92110542, 5, 5, 12, 1]
inserted [92112332, 15, 11, 12, 3]
inserted [92111073, 12, 4, 0, 9]
inserted [92110001, 6, 5, 4, 13]
inserted [92113098, 9, 5, 2, 19]
inserted [92108091, 4, 12, 11, 20]
inserted [92110838, 3, 3, 16, 4]
inserted [92109739, 14, 10, 2, 3]
inserted [92111987, 10, 0, 1, 12]
inserted [92112947, 7, 19, 9, 20]
inserted [92112732, 3, 13, 17, 9]
inserted [92107731, 5, 20, 3, 2]
inserted [92109940, 3, 12, 18, 11]
inserted [92115194, 2, 9, 14, 13]
inserted [92113491, 8, 7, 8, 10]
inserted [92113748, 18, 18, 10, 8]
inserted [92111884, 19, 13, 12, 3]
inserted [92110431, 16, 18, 1, 14]
inserted [92113050, 2, 8, 8, 7]
inserted [92113144, 9, 10, 0, 19]
inserted [92111958, 19, 12, 5, 1]
inserted [92109266, 18, 0, 10, 20]
inserted [92108853, 5, 15, 17, 13]
inserted [92110518, 14, 6, 6, 17]
inserted [92114086, 7, 5, 16, 4]
inserted [92111235, 20, 16, 18, 14]
inserted [92112971, 8, 1, 4, 0]
inserted [92113360, 5, 3, 5, 11]
inserted [92110673, 16, 6, 15, 6]
inserted [92114030, 2, 2, 10, 4]
inserted [92113188, 10, 3, 9, 0]
inserted [92107181, 10, 15, 5, 2]
inserted [92110177, 18, 18, 9, 8]
inserted [92106909, 19, 16, 19, 6]
inserted [92112108, 10, 3, 5, 16]
inserted [92106447, 4, 1, 15, 9]
inserted [92114973, 0, 2, 10, 7]
inserted [92111860, 12, 1, 12, 1]
inserted [92107816, 20, 15, 12, 19]
inserted [92112743, 15, 5, 10, 4]
inserted [92109319, 5, 17, 17, 9]
inserted [92113694, 16, 10, 4, 12]
inserted [92111596, 5, 20, 10, 15]
inserted [92113797, 6, 14, 8, 10]
inserted [92113314, 2, 17, 13, 18]
inserted [92107860, 7, 4, 5, 7]
inserted [92111389, 12, 20, 4, 2]
inserted [92108182, 17, 11, 5, 10]
inserted [92111714, 19, 2, 14, 3]
inserted [92114224, 4, 3, 7, 8]
inserted [92113260, 11, 3, 0, 10]
inserted [92115149, 2, 19, 6, 5]
inserted [92111669, 8, 14, 8, 16]
inserted [92108682, 10, 19, 17, 15]
inserted [92110812, 19, 20, 8, 0]
inserted [92114948, 8, 9, 16, 2]
inserted [92108176, 12, 8, 4, 2]
inserted [92110997, 12, 1, 6, 13]
inserted [92109321, 6, 8, 2, 12]
inserted [92112092, 5, 6, 15, 1]
inserted [92115014, 7, 6, 4, 7]
inserted [92109212, 12, 11, 20, 7]
inserted [92110983, 17, 14, 14, 9]
inserted [92114273, 16, 0, 8, 1]
inserted [92112247, 16, 9, 0, 10]
inserted [92108623, 17, 10, 5, 18]
inserted [92108523, 11, 3, 14, 17]
inserted [92113719, 15, 15, 14, 14]
inserted [92109849, 20, 1, 1, 16]
inserted [92110510, 11, 17, 14, 4]
inserted [92106473, 9, 2, 18, 18]
inserted [92113531, 20, 14, 1, 20]
inserted [92110661, 10, 12, 4, 11]
inserted [92109112, 18, 20, 9, 16]
inserted [92111493, 3, 20, 4, 6]
inserted [92114743, 8, 4, 12, 15]
inserted [92112058, 6, 12, 10, 8]
inserted [92109915, 2, 10, 12, 16]
inserted [92114982, 3, 1, 13, 8]
inserted [92115094, 20, 12, 5, 12]
inserted [92107815, 13, 19, 18, 7]
inserted [92112220, 19, 2, 2, 2]
inserted [92108570, 5, 11, 1, 17]
inserted [92114188, 10, 17, 8, 20]
inserted [92114429, 3, 1, 18, 15]
inserted [92113324, 9, 6, 17, 15]
inserted [92113658, 12, 19, 20, 17]
inserted [92113149, 7, 16, 1, 19]
inserted [92112520, 17, 2, 13, 7]
inserted [92106547, 10, 14, 7, 13]
inserted [92110798, 3, 18, 0, 7]
inserted [92113696, 6, 11, 11, 9]
inserted [92107443, 12, 0, 8, 3]
inserted [92109691, 20, 3, 10, 9]
inserted [92115115, 14, 7, 10, 0]
inserted [92115282, 19, 16, 18, 16]
inserted [92108310, 15, 6, 11, 12]
inserted [92113994, 8, 18, 14, 9]
inserted [92109239, 0, 9, 17, 13]
inserted [92109399, 5, 13, 9, 3]
inserted [92114678, 0, 9, 6, 4]
inserted [92115289, 10, 18, 5, 5]
inserted [92110332, 13, 2, 16, 9]
inserted [92114987, 11, 18, 17, 19]
inserted [92106741, 6, 6, 5, 19]
inserted [92111905, 18, 9, 13, 9]
inserted [92109757, 0, 5, 10, 16]
inserted [92110405, 1, 14, 17, 4]
inserted [92111760, 2, 9, 18, 1]
inserted [92111562, 15, 5, 20, 15]
inserted [92111035, 17, 6, 16, 6]
inserted [92112855, 10, 9, 2, 11]
inserted [92112152, 0, 19, 11, 12]
inserted [92109331, 10, 3, 4, 1]
inserted [92113567, 7, 6, 18, 4]
inserted [92111636, 14, 10, 3, 19]
inserted [92111339, 3, 6, 6, 1]
inserted [92107333, 10, 17, 10, 13]
inserted [92112321, 16, 2, 7, 20]
inserted [92112192, 6, 2, 12, 2]
inserted [92106541, 3, 10, 12, 17]
inserted [92111630, 9, 2, 4, 7]
inserted [92110959, 3, 6, 16, 4]
inserted [92106802, 12, 16, 0, 3]
inserted [92110000, 9, 4, 16, 2]
inserted [92114513, 4, 7, 20, 10]
inserted [92112201, 10, 14, 14, 19]
inserted [92112952, 0, 18, 13, 12]
inserted [92113975, 2, 6, 19, 1]
inserted [92113454, 18, 9, 9, 18]
inserted [92112883, 16, 1, 13, 4]
inserted [92107933, 10, 20, 5, 11]
inserted [92115201, 14, 2, 12, 12]
inserted [92114272, 19, 5, 16, 16]
inserted [92109373, 13, 1, 5, 2]
inserted [92108916, 8, 17, 9, 9]
inserted [92112583, 6, 15, 4, 7]
inserted [92114620, 6, 13, 3, 1]
inserted [92107842, 19, 19, 0, 9]
inserted [92111986, 13, 1, 19, 5]
inserted [92108121, 1, 3, 8, 8]
inserted [92109759, 13, 8, 8, 8]
inserted [92107037, 9, 15, 17, 16]
inserted [92110455, 12, 14, 11, 15]
inserted [92113009, 2, 5, 20, 9]
inserted [92112901, 17, 0, 17, 5]
inserted [92107419, 17, 3, 1, 2]
inserted [92111504, 16, 17, 0, 10]
inserted [92114129, 12, 20, 12, 19]
inserted [92111275, 3, 8, 10, 12]
inserted [92112851, 1, 0, 4, 7]
inserted [92110072, 11, 1, 19, 8]
inserted [92106987, 15, 9, 3, 18]
inserted [92115263, 6, 18, 17, 1]
inserted [92107280, 12, 17, 10, 12]
inserted [92111907, 15, 20, 8, 12]
inserted [92111876, 1, 16, 9, 16]
inserted [92111879, 19, 4, 10, 7]
inserted [92110892, 14, 10, 7, 6]
inserted [92109187, 19, 11, 10, 1]
inserted [92109882, 16, 1, 12, 4]
inserted [92112418, 9, 5, 19, 0]
inserted [92111670, 15, 7, 8, 12]
inserted [92114409, 5, 17, 10, 4]
inserted [92110606, 14, 3, 6, 9]
inserted [92108446, 17, 9, 2, 4]
inserted [92114883, 0, 6, 1, 18]
inserted [92107665, 2, 20, 17, 1]
inserted [92108080, 13, 16, 15, 15]
inserted [92108190, 3, 2, 12, 11]
inserted [92107867, 6, 19, 11, 3]
inserted [92110642, 6, 5, 4, 1]
inserted [92111971, 6, 19, 18, 9]
inserted [92114543, 11, 11, 18, 9]
inserted [92114820, 6, 18, 2, 20]
inserted [92113316, 5, 2, 2, 16]
inserted [92110659, 15, 15, 14, 7]
inserted [92107239, 9, 13, 14, 5]
inserted [92110352, 9, 18, 20, 10]
inserted [92109475, 13, 18, 19, 12]
inserted [92112208, 14, 15, 13, 5]
inserted [92109664, 5, 12, 20, 3]
inserted [92108952, 19, 10, 12, 20]
inserted [92113067, 8, 16, 2, 8]
inserted [92106658, 4, 7, 19, 20]
inserted [92110690, 1, 9, 12, 9]
inserted [92107508, 19, 9, 12, 7]
inserted [92108209, 5, 13, 2, 18]
inserted [92107920, 15, 15, 6, 8]
inserted [92108923, 10, 4, 8, 5]
inserted [92110485, 12, 18, 4, 18]
inserted [92112737, 17, 6, 12, 18]
inserted [92112119, 3, 16, 10, 14]
inserted [92109017, 5, 18, 17, 14]
inserted [92109384, 3, 2, 8, 19]
inserted [92109379, 18, 16, 19, 10]
inserted [92113770, 15, 9, 16, 10]
inserted [92111923, 10, 5, 11, 8]
inserted [92112195, 5, 6, 12, 1]
inserted [92113274, 14, 20, 20, 8]
inserted [92110976, 15, 18, 13, 13]
inserted [92111970, 13, 2, 17, 7]
inserted [92110325, 12, 15, 13, 10]
inserted [92111761, 14, 6, 10, 11]
inserted [92109904, 2, 13, 9, 14]
inserted [92112778, 14, 5, 17, 17]
inserted [92109893, 14, 7, 17, 13]
inserted [92113851, 1, 2, 6, 14]
inserted [92114758, 18, 10, 4, 14]
inserted [92111740, 16, 7, 7, 17]
inserted [92113000, 9, 3, 20, 16]
inserted [92107847, 7, 12, 20, 15]
inserted [92113233, 7, 1, 13, 6]
inserted [92114816, 4, 1, 19, 9]
inserted [92111998, 4, 6, 6, 16]
inserted [92114681, 12, 13, 19, 7]
inserted [92107120, 16, 7, 11, 3]
inserted [92110476, 12, 14, 20, 3]
inserted [92107499, 17, 7, 15, 7]
inserted [92111584, 11, 15, 20, 6]
inserted [92108635, 3, 9, 11, 16]
inserted [92106702, 11, 4, 4, 11]
inserted [92110484, 1, 14, 11, 2]
inserted [92106708, 0, 17, 16, 10]
inserted [92113379, 20, 10, 15, 3]
inserted [92109080, 17, 6, 1, 5]
inserted [92109238, 19, 20, 1, 8]
inserted [92108645, 7, 11, 8, 7]
inserted [92109198, 6, 6, 8, 10]
inserted [92115217, 3, 11, 17, 4]
inserted [92108428, 12, 4, 12, 20]
inserted [92114909, 10, 9, 7, 18]
inserted [92111165, 16, 8, 17, 0]
inserted [92106958, 15, 2, 7, 18]
inserted [92112032, 9, 16, 10, 4]
inserted [92108062, 1, 9, 13, 8]
inserted [92111757, 12, 9, 18, 11]
inserted [92110720, 5, 13, 9, 20]
inserted [92107271, 5, 6, 13, 13]
inserted [92108736, 4, 13, 20, 12]
inserted [92107183, 5, 10, 17, 7]
inserted [92113972, 2, 16, 2, 2]
inserted [92110363, 4, 7, 8, 2]
inserted [92109047, 1, 15, 6, 19]
inserted [92111520, 1, 12, 8, 13]
inserted [92112470, 17, 17, 12, 11]
inserted [92107673, 19, 16, 4, 8]
inserted [92108819, 15, 12, 13, 10]
inserted [92108949, 3, 15, 6, 3]
inserted [92113013, 1, 8, 16, 14]
inserted [92111144, 18, 10, 18, 8]
inserted [92106808, 1, 4, 10, 15]
inserted [92114062, 12, 14, 10, 10]
inserted [92106514, 6, 9, 15, 1]
inserted [92111087, 17, 0, 16, 1]
inserted [92113903, 6, 10, 6, 6]
inserted [92113466, 18, 8, 14, 9]
inserted [92107455, 5, 1, 15, 17]
inserted [92111605, 5, 13, 7, 15]
inserted [92109587, 18, 6, 2, 15]
inserted [92114491, 13, 14, 1, 2]
inserted [92114588, 14, 11, 16, 2]
inserted [92107578, 15, 15, 1, 12]
inserted [92108841, 14, 11, 15, 0]
inserted [92114750, 7, 20, 12, 15]
inserted [92110327, 10, 4, 12, 12]
inserted [92107905, 15, 17, 7, 14]
inserted [92113746, 8, 19, 12, 1]
inserted [92107432, 11, 9, 5, 17]
inserted [92110280, 20, 15, 1, 12]
inserted [92114110, 3, 4, 2, 5]
inserted [92111067, 8, 19, 8, 11]
inserted [92108424, 1, 18, 2, 20]
inserted [92110048, 2, 13, 11, 4]
inserted [92115418, 12, 20, 11, 15]
inserted [92113063, 18, 20, 5, 8]
inserted [92110318, 16, 17, 11, 11]
inserted [92112541, 0, 19, 10, 2]
inserted [92107916, 6, 8, 5, 15]
inserted [92106876, 12, 0, 16, 11]
inserted [92107421, 3, 20, 16, 1]
inserted [92109590, 9, 8, 2, 16]
inserted [92114109, 3, 20, 6, 20]
inserted [92107020, 19, 4, 1, 13]
inserted [92113837, 7, 16, 18, 5]
inserted [92108600, 18, 5, 7, 19]
inserted [92108617, 1, 8, 5, 4]
inserted [92111295, 11, 15, 8, 5]
inserted [92106614, 8, 4, 2, 6]
inserted [92111494, 15, 19, 15, 19]
inserted [92106649, 18, 5, 16, 9]
inserted [92111542, 3, 2, 18, 17]
inserted [92114370, 13, 7, 0, 19]
inserted [92110310, 4, 3, 7, 5]
inserted [92107984, 5, 17, 16, 10]
inserted [92109519, 14, 17, 11, 13]
inserted [92114366, 17, 15, 13, 0]
inserted [92113684, 1, 3, 18, 13]
inserted [92108193, 9, 12, 18, 1]
inserted [92113291, 10, 11, 10, 6]
inserted [92112610, 14, 12, 8, 18]
inserted [92107172, 14, 17, 4, 3]
inserted [92108503, 12, 13, 3, 1]
inserted [92108410, 2, 19, 10, 7]
inserted [92115085, 9, 13, 8, 4]
inserted [92114416, 9, 4, 18, 3]
inserted [92113625, 4, 3, 12, 8]
inserted [92112570, 11, 4, 0, 10]
inserted [92109917, 15, 4, 1, 17]
inserted [92106642, 15, 17, 9, 2]
inserted [92111037, 1, 13, 4, 14]
inserted [92107022, 0, 16, 4, 5]
inserted [92106747, 3, 14, 2, 7]
inserted [92109650, 13, 17, 6, 20]
inserted [92111593, 12, 1, 14, 1]
inserted [92112876, 6, 11, 6, 6]
inserted [92113641, 19, 6, 10, 12]
inserted [92108636, 0, 15, 9, 4]
inserted [92110960, 16, 11, 13, 5]
inserted [92106719, 9, 15, 1, 17]
inserted [92110129, 18, 3, 9, 4]
inserted [92109807, 17, 9, 7, 6]
inserted [92113767, 19, 10, 4, 19]
inserted [92112331, 19, 7, 16, 15]
inserted [92108588, 4, 9, 20, 16]
inserted [92110263, 0, 9, 3, 19]
inserted [92109946, 12, 15, 8, 14]
inserted [92113443, 20, 0, 6, 3]
inserted [92108627, 3, 2, 5, 12]
inserted [92112738, 6, 11, 16, 4]
inserted [92110443, 16, 6, 5, 18]
inserted [92114864, 4, 19, 15, 10]
inserted [92110840, 0, 17, 17, 14]
inserted [92112345, 8, 12, 0, 12]
inserted [92112210, 18, 17, 5, 20]
inserted [92111198, 17, 15, 6, 17]
inserted [92115175, 12, 14, 7, 14]
inserted [92113506, 5, 9, 20, 6]
inserted [92113596, 16, 15, 19, 10]
inserted [92110902, 8, 1, 9, 20]
inserted [92108222, 0, 17, 8, 20]
inserted [92110472, 10, 8, 0, 13]
inserted [92113057, 10, 19, 8, 16]
inserted [92107276, 17, 15, 5, 10]
inserted [92106645, 1, 2, 15, 2]
inserted [92109152, 17, 6, 7, 18]
inserted [92113711, 14, 18, 20, 3]
inserted [92109896, 11, 16, 1, 6]
inserted [92110503, 15, 20, 17, 6]
inserted [92115356, 16, 13, 4, 4]
inserted [92112074, 6, 3, 17, 10]
inserted [92114451, 2, 10, 3, 3]
inserted [92109994, 14, 18, 13, 17]
inserted [92112976, 20, 12, 20, 4]
inserted [92111872, 16, 9, 4, 7]
inserted [92114706, 1, 8, 17, 3]
inserted [92113995, 19, 16, 11, 19]
inserted [92112841, 20, 20, 20, 15]
inserted [92114792, 6, 11, 16, 1]
inserted [92109878, 16, 1, 13, 8]
inserted [92106446, 5, 16, 3, 2]
inserted [92114427, 2, 18, 2, 19]
inserted [92113563, 8, 4, 1, 19]
inserted [92106694, 1, 3, 9, 7]
inserted [92108344, 16, 11, 11, 6]
inserted [92109025, 6, 10, 4, 3]
inserted [92113182, 19, 19, 13, 3]
inserted [92110692, 2, 12, 8, 2]
inserted [92110166, 6, 15, 18, 6]
inserted [92113073, 10, 10, 17, 4]
inserted [92109257, 11, 16, 18, 15]
inserted [92109059, 4, 2, 9, 20]
inserted [92114530, 2, 5, 8, 12]
inserted [92113550, 18, 14, 7, 18]
inserted [92114145, 1, 18, 10, 11]
inserted [92107378, 0, 19, 15, 9]
inserted [92114244, 18, 18, 6, 2]
inserted [92107296, 13, 8, 1, 0]
inserted [92115426, 14, 8, 6, 0]
inserted [92106510, 11, 4, 14, 13]
inserted [92110873, 18, 12, 7, 6]
inserted [92109444, 2, 6, 10, 6]
inserted [92109833, 12, 3, 11, 10]
inserted [92114890, 0, 15, 5, 17]
inserted [92108692, 13, 2, 1, 7]
inserted [92112269, 19, 19, 13, 12]
inserted [92106484, 20, 4, 16, 5]
inserted [92111266, 16, 8, 8, 14]
inserted [92107895, 1, 17, 5, 5]
inserted [92106810, 1, 16, 2, 17]
inserted [92112690, 17, 17, 11, 0]
inserted [92113652, 19, 2, 17, 20]
inserted [92107358, 5, 7, 18, 8]
inserted [92108810, 18, 3, 7, 7]
inserted [92108290, 0, 6, 16, 9]
inserted [92110533, 12, 1, 3, 0]
inserted [92113268, 14, 8, 0, 1]
inserted [92111324, 0, 16, 13, 20]
inserted [92113864, 8, 17, 9, 13]
inserted [92106955, 9, 15, 18, 0]
inserted [92110114, 0, 16, 7, 16]
inserted [92111587, 6, 18, 9, 11]
inserted [92109965, 2, 2, 13, 18]
inserted [92113999, 15, 15, 15, 7]
inserted [92110437, 17, 11, 5, 2]
inserted [92109779, 12, 15, 15, 16]
inserted [92111908, 18, 19, 14, 20]
inserted [92111881, 18, 4, 20, 20]
inserted [92113484, 0, 12, 5, 9]
inserted [92115209, 14, 2, 0, 4]
inserted [92110515, 16, 9, 17, 20]
inserted [92112768, 8, 16, 20, 19]
inserted [92107595, 8, 0, 12, 11]
inserted [92108522, 14, 3, 17, 10]
inserted [92107579, 1, 13, 19, 1]
inserted [92107373, 17, 5, 3, 8]
inserted [92115422, 10, 20, 0, 19]
inserted [92114747, 4, 15, 2, 15]
inserted [92112900, 2, 5, 1, 10]
inserted [92111680, 5, 19, 13, 14]
inserted [92108839, 15, 17, 8, 18]
inserted [92107449, 1, 9, 2, 6]
inserted [92110912, 15, 6, 18, 17]
inserted [92108774, 17, 4, 17, 6]
inserted [92109291, 3, 17, 14, 11]
inserted [92112307, 14, 14, 0, 13]
inserted [92108950, 8, 15, 1, 1]
inserted [92112242, 1, 20, 19, 16]
inserted [92111394, 6, 14, 9, 12]
inserted [92108030, 5, 12, 3, 10]
inserted [92113662, 3, 6, 19, 13]
inserted [92109132, 6, 5, 4, 5]
inserted [92114260, 2, 18, 10, 12]
inserted [92109680, 11, 2, 13, 20]
inserted [92114232, 20, 5, 13, 3]
inserted [92107394, 11, 16, 3, 1]
inserted [92107766, 11, 16, 20, 8]
inserted [92108337, 12, 6, 16, 18]
inserted [92106940, 0, 13, 5, 16]
inserted [92113906, 20, 11, 3, 15]
inserted [92110522, 11, 19, 1, 20]
inserted [92108089, 4, 0, 6, 17]
inserted [92109995, 14, 16, 10, 16]
inserted [92112879, 18, 18, 1, 3]
inserted [92111440, 0, 17, 20, 3]
inserted [92112916, 4, 6, 13, 4]
inserted [92109370, 11, 17, 7, 2]
inserted [92109555, 5, 0, 13, 12]
inserted [92110961, 11, 2, 2, 20]
inserted [92113644, 2, 16, 11, 14]
inserted [92106482, 13, 10, 13, 10]
inserted [92113206, 6, 10, 17, 1]
inserted [92112333, 19, 19, 19, 8]
inserted [92109550, 1, 8, 6, 20]
inserted [92112198, 14, 8, 20, 16]
inserted [92110306, 1, 18, 3, 5]
inserted [92113501, 20, 4, 20, 19]
inserted [92106963, 4, 20, 20, 5]
inserted [92113148, 20, 7, 17, 17]
inserted [92112689, 10, 17, 5, 11]
inserted [92110699, 16, 0, 7, 16]
inserted [92112257, 0, 19, 18, 9]
inserted [92114485, 14, 18, 19, 7]
inserted [92110705, 7, 10, 17, 9]
inserted [92110650, 0, 2, 15, 2]
inserted [92114122, 6, 16, 13, 3]
inserted [92108511, 4, 15, 4, 0]
inserted [92114617, 1, 1, 6, 19]
inserted [92109509, 14, 11, 15, 19]
inserted [92111456, 13, 20, 1, 6]
inserted [92106917, 1, 13, 2, 1]
inserted [92113151, 10, 3, 7, 15]
inserted [92111344, 12, 13, 10, 15]
inserted [92114786, 12, 8, 1, 20]
inserted [92109027, 5, 2, 9, 18]
inserted [92115399, 12, 2, 15, 0]
inserted [92108715, 4, 3, 0, 6]
inserted [92112390, 6, 9, 19, 5]
inserted [92107620, 9, 12, 0, 8]
inserted [92109570, 8, 12, 11, 12]
inserted [92110228, 15, 17, 20, 8]
inserted [92109208, 2, 16, 2, 9]
inserted [92111626, 15, 18, 17, 12]
inserted [92110012, 2, 2, 3, 11]
inserted [92111783, 17, 2, 13, 5]
inserted [92108851, 3, 19, 3, 18]
inserted [92107927, 0, 1, 11, 6]
inserted [92112949, 2, 8, 5, 8]
inserted [92111538, 10, 0, 10, 8]
inserted [92110611, 17, 1, 0, 6]
inserted [92112645, 15, 19, 6, 10]
inserted [92110493, 19, 20, 7, 2]
inserted [92113574, 20, 2, 1, 11]
inserted [92108884, 0, 6, 9, 19]
inserted [92107003, 7, 8, 16, 7]
inserted [92110732, 12, 6, 3, 5]
inserted [92113222, 2, 14, 7, 17]
inserted [92107042, 16, 7, 7, 9]
inserted [92111637, 7, 7, 20, 3]
inserted [92113824, 11, 20, 7, 5]
inserted [92114189, 8, 0, 3, 17]
inserted [92114399, 3, 20, 19, 7]
inserted [92107947, 6, 2, 7, 4]
inserted [92112694, 13, 15, 4, 0]
inserted [92115301, 9, 5, 15, 7]
inserted [92107431, 1, 14, 0, 1]
inserted [92114184, 10, 16, 5, 0]
inserted [92106904, 2, 15, 10, 3]
inserted [92109249, 6, 15, 20, 20]
inserted [92112339, 1, 19, 15, 7]
inserted [92114977, 11, 4, 4, 3]
inserted [92113774, 7, 19, 18, 3]
inserted [92109554, 4, 19, 6, 6]
inserted [92114796, 9, 15, 15, 15]
inserted [92113111, 4, 7, 2, 12]
inserted [92107838, 0, 10, 5, 17]
inserted [92111835, 14, 7, 3, 6]
inserted [92106527, 15, 20, 12, 10]
inserted [92112619, 8, 17, 20, 5]
inserted [92108831, 12, 5, 17, 4]
inserted [92112266, 15, 14, 2, 6]
inserted [92109772, 0, 13, 3, 7]
inserted [92108800, 19, 3, 10, 3]
inserted [92114076, 13, 11, 6, 18]
inserted [92112514, 15, 0, 15, 3]
inserted [92107901, 1, 2, 0, 0]
inserted [92113326, 16, 0, 5, 20]
inserted [92107964, 5, 7, 10, 15]
inserted [92112368, 6, 13, 18, 12]
inserted [92109903, 6, 16, 9, 9]
inserted [92111099, 19, 20, 8, 2]
inserted [92108367, 10, 4, 4, 4]
inserted [92111209, 5, 6, 3, 13]
inserted [92112303, 19, 0, 7, 20]
inserted [92110467, 1, 14, 12, 0]
inserted [92111489, 15, 16, 15, 17]
inserted [92107590, 6, 1, 5, 5]
inserted [92113435, 3, 2, 16, 6]
inserted [92114857, 3, 8, 0, 3]
inserted [92108539, 2, 4, 0, 14]
inserted [92112274, 7, 0, 1, 2]
inserted [92110623, 0, 11, 19, 12]
inserted [92106736, 12, 15, 13, 16]
inserted [92111510, 12, 0, 14, 1]
inserted [92110219, 19, 20, 16, 11]
inserted [92114352, 2, 12, 20, 6]
inserted [92107481, 18, 18, 1, 0]
inserted [92109168, 8, 4, 1, 1]
inserted [92114812, 9, 11, 10, 8]
inserted [92113725, 12, 5, 17, 14]
inserted [92108348, 0, 0, 17, 1]
inserted [92110345, 13, 2, 19, 11]
inserted [92111623, 17, 16, 7, 15]
inserted [92107570, 15, 19, 14, 4]
inserted [92110046, 7, 18, 11, 9]
inserted [92111528, 5, 18, 8, 14]
inserted [92113934, 15, 4, 1, 5]
inserted [92109651, 0, 0, 7, 1]
inserted [92107550, 14, 0, 17, 7]
inserted [92113608, 17, 16, 2, 16]
inserted [92107989, 7, 11, 8, 3]
inserted [92110994, 0, 16, 13, 3]
inserted [92114943, 2, 10, 7, 10]
inserted [92110056, 13, 8, 16, 11]
inserted [92111021, 20, 20, 1, 2]
inserted [92108246, 3, 10, 5, 7]
inserted [92112001, 4, 10, 1, 17]
inserted [92109752, 2, 12, 7, 18]
inserted [92110658, 7, 12, 0, 14]
inserted [92115144, 5, 13, 16, 10]
inserted [92111866, 5, 6, 16, 4]
inserted [92112146, 9, 4, 15, 0]
inserted [92111126, 20, 12, 16, 8]
inserted [92115191, 8, 14, 4, 12]
inserted [92107932, 12, 10, 5, 19]
inserted [92114938, 20, 20, 4, 6]
inserted [92113184, 18, 3, 8, 14]
inserted [92109653, 6, 12, 3, 9]
inserted [92114843, 11, 20, 8, 11]
inserted [92112348, 2, 3, 18, 13]
inserted [92112783, 15, 13, 7, 20]
inserted [92112227, 13, 0, 1, 19]
inserted [92113269, 2, 15, 17, 6]
inserted [92113848, 13, 5, 7, 3]
inserted [92113375, 14, 4, 0, 9]
inserted [92114695, 7, 11, 0, 9]
inserted [92106901, 4, 15, 9, 16]
inserted [92108240, 18, 19, 3, 8]
inserted [92112044, 14, 1, 3, 4]
inserted [92111851, 5, 12, 8, 5]
inserted [92107182, 14, 16, 17, 6]
inserted [92108697, 19, 2, 17, 6]
inserted [92110793, 16, 9, 4, 3]
inserted [92113218, 16, 16, 2, 4]
inserted [92108052, 20, 12, 17, 19]
inserted [92110496, 11, 19, 5, 9]
inserted [92112725, 16, 13, 10, 2]
inserted [92115343, 14, 5, 6, 19]
inserted [92111228, 2, 11, 9, 12]
inserted [92109695, 11, 9, 19, 4]
inserted [92111560, 17, 17, 11, 15]
inserted [92107185, 9, 18, 5, 1]
inserted [92110511, 4, 15, 20, 7]
inserted [92114072, 2, 7, 7, 18]
inserted [92114022, 3, 20, 7, 8]
inserted [92107473, 9, 1, 11, 19]
inserted [92107689, 2, 12, 6, 12]
inserted [92112759, 3, 13, 5, 0]
inserted [92109580, 2, 20, 12, 15]
inserted [92107171, 7, 1, 3, 19]
inserted [92112461, 10, 5, 7, 14]
inserted [92112026, 20, 7, 13, 19]
inserted [92109756, 8, 20, 12, 14]
inserted [92112611, 19, 1, 19, 10]
inserted [92114985, 10, 14, 3, 12]
inserted [92114860, 16, 3, 3, 15]
inserted [92111843, 11, 11, 11, 19]
inserted [92107937, 16, 7, 19, 19]
inserted [92113084, 16, 9, 2, 8]
inserted [92112450, 5, 4, 18, 14]
inserted [92109431, 19, 3, 15, 19]
inserted [92109613, 20, 18, 3, 10]
inserted [92114959, 11, 16, 10, 8]
inserted [92110537, 10, 16, 1, 4]
inserted [92114060, 12, 0, 14, 12]
inserted [92109926, 12, 11, 14, 8]
inserted [92106762, 3, 1, 5, 10]
inserted [92110724, 14, 0, 8, 11]
inserted [92107525, 20, 2, 20, 14]
inserted [92110581, 1, 17, 14, 12]
inserted [92106559, 15, 0, 9, 16]
inserted [92107232, 2, 7, 9, 18]
inserted [92114817, 0, 19, 20, 3]
inserted [92110695, 11, 17, 12, 15]
inserted [92111713, 10, 4, 11, 11]
inserted [92112291, 0, 16, 17, 5]
inserted [92113128, 15, 19, 4, 5]
inserted [92111269, 13, 17, 4, 18]
inserted [92109684, 14, 6, 3, 14]
inserted [92109177, 1, 4, 5, 20]
inserted [92108024, 14, 17, 15, 6]
inserted [92114838, 7, 19, 20, 7]
inserted [92114920, 8, 15, 5, 19]
inserted [92109366, 19, 2, 15, 4]
inserted [92110995, 16, 13, 12, 2]
inserted [92110254, 5, 16, 11, 1]
inserted [92106618, 10, 1, 12, 4]
inserted [92115078, 3, 6, 5, 10]
inserted [92109624, 10, 19, 7, 3]
inserted [92114996, 16, 19, 0, 10]
inserted [92110525, 18, 17, 2, 8]
inserted [92108426, 8, 0, 7, 13]
inserted [92107189, 15, 2, 16, 17]
inserted [92107569, 18, 20, 3, 14]
inserted [92111689, 16, 4, 7, 4]
inserted [92111016, 19, 9, 4, 8]
inserted [92110201, 19, 3, 17, 0]
inserted [92109847, 2, 3, 8, 4]
inserted [92109161, 15, 17, 20, 5]
inserted [92111148, 7, 20, 1, 18]
inserted [92107054, 14, 1, 1, 4]
inserted [92110814, 14, 6, 5, 20]
inserted [92114431, 5, 0, 8, 18]
inserted [92110260, 12, 1, 3, 10]
inserted [92114151, 3, 14, 9, 16]
inserted [92111989, 5, 18, 11, 14]
inserted [92107727, 14, 1, 20, 19]
inserted [92108972, 12, 9, 12, 3]
inserted [92110214, 2, 8, 6, 5]
inserted [92114827, 8, 6, 6, 17]
inserted [92109147, 2, 19, 4, 6]
inserted [92113273, 11, 10, 18, 16]
inserted [92107544, 10, 17, 19, 2]
inserted [92107841, 15, 19, 18, 10]
inserted [92114540, 4, 7, 6, 13]
inserted [92108046, 9, 15, 2, 8]
inserted [92107865, 17, 10, 15, 9]
inserted [92110288, 20, 13, 0, 19]
inserted [92113270, 7, 10, 2, 14]
inserted [92109483, 12, 15, 14, 15]
inserted [92107625, 20, 20, 9, 8]
inserted [92106544, 4, 3, 13, 6]
inserted [92109116, 0, 15, 8, 13]
inserted [92111846, 12, 6, 18, 2]
inserted [92110933, 18, 17, 1, 7]
inserted [92114247, 12, 20, 18, 18]
inserted [92109723, 7, 0, 14, 0]
inserted [92109816, 5, 16, 6, 15]
inserted [92106576, 10, 10, 17, 11]
inserted [92108307, 10, 5, 15, 2]
inserted [92111886, 16, 6, 0, 3]
inserted [92107436, 19, 18, 10, 19]
inserted [92108252, 9, 19, 6, 7]
inserted [92113479, 14, 3, 7, 6]
inserted [92107924, 18, 14, 12, 18]
inserted [92114950, 14, 3, 0, 20]
inserted [92111358, 10, 1, 16, 11]
inserted [92113468, 10, 19, 9, 17]
inserted [92107253, 16, 7, 5, 18]
inserted [92112872, 9, 15, 1, 1]
inserted [92114436, 15, 7, 1, 19]
inserted [92111151, 2, 19, 2, 6]
inserted [92112232, 14, 11, 15, 10]
inserted [92112739, 2, 6, 5, 4]
inserted [92111837, 18, 10, 8, 14]
inserted [92109572, 13, 0, 14, 10]
inserted [92108559, 17, 10, 15, 16]
inserted [92109735, 18, 19, 12, 5]
inserted [92106834, 9, 16, 11, 4]
inserted [92114154, 13, 3, 1, 9]
inserted [92109781, 9, 10, 10, 20]
inserted [92113505, 3, 7, 20, 1]
inserted [92109029, 18, 18, 4, 20]
inserted [92112962, 12, 10, 16, 12]
inserted [92111263, 1, 5, 14, 12]
inserted [92114080, 10, 8, 13, 2]
inserted [92106755, 14, 12, 11, 8]
inserted [92111147, 16, 3, 5, 10]
inserted [92114651, 20, 3, 12, 8]
inserted [92107807, 16, 2, 1, 5]
inserted [92112880, 13, 17, 16, 1]
inserted [92109854, 2, 20, 15, 12]
inserted [92107603, 9, 10, 1, 4]
inserted [92111296, 20, 20, 12, 19]
inserted [92107652, 11, 3, 4, 12]
inserted [92111717, 3, 17, 11, 19]
inserted [92114289, 16, 17, 13, 3]
inserted [92108477, 1, 14, 4, 0]
inserted [92115350, 18, 18, 10, 19]
inserted [92108350, 15, 6, 7, 17]
inserted [92107759, 10, 6, 14, 16]
inserted [92115221, 5, 0, 5, 6]
inserted [92113119, 0, 16, 20, 16]
inserted [92111203, 3, 4, 16, 20]
inserted [92114541, 12, 5, 14, 7]
inserted [92112364, 5, 6, 20, 9]
inserted [92113091, 19, 14, 19, 10]
inserted [92114951, 20, 15, 19, 3]
inserted [92109184, 0, 5, 15, 14]
inserted [92112984, 0, 18, 0, 1]
inserted [92107372, 5, 20, 6, 15]
inserted [92113322, 2, 3, 3, 15]
inserted [92112174, 14, 13, 14, 3]
inserted [92110441, 20, 3, 1, 4]
inserted [92109066, 20, 15, 16, 11]
inserted [92112462, 5, 5, 13, 20]
inserted [92111480, 17, 2, 14, 6]
inserted [92109423, 15, 19, 9, 19]
inserted [92107495, 19, 11, 6, 15]
inserted [92107795, 13, 7, 6, 19]
inserted [92113752, 10, 4, 15, 1]
inserted [92115147, 5, 10, 0, 20]
inserted [92109030, 8, 11, 11, 3]
inserted [92109498, 18, 7, 13, 6]
inserted [92111270, 6, 2, 2, 16]
inserted [92115073, 13, 8, 5, 13]
inserted [92115420, 4, 6, 13, 8]
inserted [92109259, 14, 5, 10, 0]
inserted [92107486, 12, 2, 1, 18]
inserted [92106565, 2, 7, 0, 1]
inserted [92111130, 1, 20, 10, 12]
inserted [92107992, 19, 7, 9, 10]
inserted [92107871, 12, 11, 12, 5]
inserted [92114705, 12, 8, 15, 8]
inserted [92113502, 17, 17, 13, 17]
inserted [92112673, 5, 19, 8, 7]
inserted [92113822, 20, 13, 19, 17]
inserted [92112556, 13, 1, 13, 7]
inserted [92109418, 15, 1, 16, 13]
inserted [92114070, 17, 19, 16, 18]
inserted [92112366, 1, 10, 3, 13]
inserted [92113873, 16, 10, 15, 11]
inserted [92112021, 15, 12, 15, 3]
inserted [92109749, 1, 3, 14, 16]
inserted [92113011, 18, 18, 12, 6]
inserted [92114237, 13, 7, 14, 6]
inserted [92108463, 9, 20, 14, 12]
inserted [92107626, 11, 7, 14, 4]
inserted [92112677, 11, 0, 5, 17]
inserted [92110273, 11, 13, 5, 0]
inserted [92109247, 12, 8, 1, 8]
inserted [92107465, 13, 5, 5, 2]
inserted [92108051, 7, 1, 8, 0]
inserted [92111514, 7, 2, 18, 11]
inserted [92113373, 9, 10, 2, 5]
inserted [92111956, 18, 14, 20, 1]
inserted [92111117, 0, 4, 11, 20]
inserted [92109391, 3, 12, 13, 11]
inserted [92114181, 0, 17, 7, 13]
inserted [92113419, 12, 4, 3, 6]
inserted [92114357, 9, 3, 7, 1]
inserted [92113168, 9, 18, 15, 4]
