[92106429, 7, 7, 18, 11]
[92106430, 9, 9, 5, 18]
[92106431, 8, 14, 14, 15]
[92106432, 4, 1, 5, 6]
[92106433, 0, 0, 7, 1]
[92106434, 2, 14, 0, 17]
[92106435, 7, 14, 17, 16]
[92106436, 2, 16, 3, 7]
[92106437, 11, 8, 3, 8]
[92106438, 0, 16, 13, 3]
[92106439, 19, 16, 2, 10]
[92106440, 7, 10, 19, 7]
[92106441, 13, 8, 16, 11]
[92106442, 8, 20, 20, 1]
[92106443, 2, 3, 3, 10]
[92106444, 5, 7, 0, 10]
[92106445, 4, 10, 1, 17]
[92106446, 6, 2, 12, 7]
[92106447, 18, 1, 17, 20]
[92106448, 18, 20, 8, 7]
[92106449, 12, 0, 14, 17]
[92106450, 5, 13, 16, 10]
[92106451, 3, 10, 5, 6]
[92106452, 16, 4, 11, 9]
[92106453, 4, 15, 0, 9]
[92106454, 20, 12, 16, 8]
[92106455, 17, 8, 14, 4]
[92106456, 12, 2, 12, 10]
[92106457, 5, 19, 16, 20]
[92106458, 20, 4, 6, 13]
[92106459, 18, 3, 8, 14]
[92106460, 6, 6, 12, 3]
[92106461, 9, 16, 11, 20]
[92106462, 8, 11, 18, 20]
[92106463, 11, 2, 3, 18]
[92106464, 13, 12, 15, 13]
[92106465, 7, 20, 18, 11]
[92106466, 13, 0, 1, 19]
[92106467, 13, 2, 15, 17]
[92106468, 6, 14, 13, 5]
[92106469, 7, 3, 8, 13]
[92106470, 14, 4, 0, 9]
[92106471, 16, 7, 11, 0]
[92106472, 9, 0, 4, 15]
[92106473, 9, 16, 18, 3]
[92106474, 18, 19, 3, 8]
[92106475, 19, 10, 14, 1]
[92106476, 3, 4, 10, 5]
[92106477, 12, 8, 5, 1]
[92106478, 14, 16, 17, 6]
[92106479, 10, 19, 4, 19]
[92106480, 2, 17, 6, 8]
[92106481, 16, 9, 4, 3]
[92106482, 13, 16, 16, 2]
[92106483, 4, 18, 3, 20]
[92106484, 12, 17, 19, 7]
[92106485, 11, 19, 5, 9]
[92106486, 18, 12, 16, 13]
[92106487, 10, 2, 18, 17]
[92106488, 14, 5, 6, 19]
[92106489, 9, 2, 11, 9]
[92106490, 12, 6, 11, 9]
[92106491, 19, 4, 10, 17]
[92106492, 17, 11, 15, 1]
[92106493, 9, 18, 5, 1]
[92106494, 7, 4, 15, 20]
[92106495, 7, 14, 2, 7]
[92106496, 7, 18, 14, 3]
[92106497, 20, 7, 8, 2]
[92106498, 9, 1, 11, 19]
[92106499, 2, 2, 12, 6]
[92106500, 12, 12, 3, 13]
[92106501, 5, 0, 6, 2]
[92106502, 20, 12, 15, 1]
[92106503, 7, 1, 3, 19]
[92106504, 11, 10, 5, 7]
[92106505, 14, 10, 20, 7]
[92106506, 13, 19, 6, 8]
[92106507, 20, 12, 14, 12]
[92106508, 19, 1, 19, 10]
[92106509, 16, 10, 14, 3]
[92106510, 12, 16, 16, 3]
[92106511, 3, 15, 10, 11]
[92106512, 11, 11, 19, 2]
[92106513, 16, 7, 19, 19]
[92106514, 12, 16, 9, 2]
[92106515, 8, 11, 5, 4]
[92106516, 18, 14, 20, 5]
[92106517, 19, 3, 15, 19]
[92106518, 6, 20, 18, 3]
[92106519, 10, 16, 11, 16]
[92106520, 10, 8, 8, 10]
[92106521, 16, 1, 4, 14]
[92106522, 12, 0, 14, 12]
[92106523, 6, 12, 11, 14]
[92106524, 8, 5, 0, 3]
[92106525, 1, 5, 10, 8]
[92106526, 14, 0, 8, 11]
[92106527, 2, 20, 2, 20]
[92106528, 14, 8, 1, 17]
Select finished
Aggregate finished
