inserted:  [92106429, 9, 1, 14, 1]
inserted:  [92106430, 19, 6, 13, 2]
inserted:  [92106431, 10, 10, 8, 2]
inserted:  [92106432, 4, 1, 18, 20]
inserted:  [92106433, 0, 14, 15, 10]
inserted:  [92106434, 20, 7, 10, 6]
inserted:  [92106435, 10, 19, 7, 15]
inserted:  [92106436, 4, 5, 5, 3]
inserted:  [92106437, 19, 8, 15, 6]
inserted:  [92106438, 10, 3, 8, 1]
inserted:  [92106439, 6, 17, 17, 18]
inserted:  [92106440, 19, 1, 5, 9]
inserted:  [92106441, 7, 16, 12, 9]
inserted:  [92106442, 6, 16, 20, 5]
inserted:  [92106443, 15, 13, 10, 1]
inserted:  [92106444, 19, 15, 10, 2]
inserted:  [92106445, 9, 19, 0, 13]
inserted:  [92106446, 19, 3, 3, 13]
inserted:  [92106447, 14, 2, 5, 15]
inserted:  [92106448, 12, 18, 13, 6]
inserted:  [92106449, 8, 11, 1, 2]
inserted:  [92106450, 1, 13, 20, 15]
inserted:  [92106451, 13, 20, 20, 9]
inserted:  [92106452, 1, 16, 3, 4]
inserted:  [92106453, 1, 9, 19, 7]
inserted:  [92106454, 18, 17, 12, 9]
inserted:  [92106455, 10, 1, 13, 14]
inserted:  [92106456, 8, 6, 16, 20]
inserted:  [92106457, 3, 9, 11, 3]
inserted:  [92106458, 1, 0, 20, 14]
inserted:  [92106459, 11, 9, 19, 19]
inserted:  [92106460, 14, 8, 18, 4]
inserted:  [92106461, 12, 1, 7, 9]
inserted:  [92106462, 19, 2, 4, 2]
inserted:  [92106463, 19, 7, 10, 15]
inserted:  [92106464, 3, 8, 6, 4]
inserted:  [92106465, 5, 12, 8, 11]
inserted:  [92106466, 10, 10, 17, 8]
inserted:  [92106467, 5, 16, 17, 12]
inserted:  [92106468, 0, 11, 8, 2]
inserted:  [92106469, 4, 16, 8, 19]
inserted:  [92106470, 1, 0, 13, 7]
inserted:  [92106471, 8, 18, 9, 7]
inserted:  [92106472, 16, 1, 18, 12]
inserted:  [92106473, 19, 12, 9, 19]
inserted:  [92106474, 16, 15, 7, 12]
inserted:  [92106475, 19, 1, 15, 15]
inserted:  [92106476, 20, 0, 17, 3]
inserted:  [92106477, 0, 7, 6, 6]
inserted:  [92106478, 5, 0, 19, 7]
inserted:  [92106479, 4, 10, 16, 18]
inserted:  [92106480, 7, 1, 10, 9]
inserted:  [92106481, 13, 1, 6, 13]
inserted:  [92106482, 13, 9, 5, 18]
inserted:  [92106483, 0, 8, 13, 9]
inserted:  [92106484, 16, 19, 7, 14]
inserted:  [92106485, 2, 13, 3, 10]
inserted:  [92106486, 12, 13, 3, 12]
inserted:  [92106487, 1, 4, 4, 6]
inserted:  [92106488, 4, 5, 19, 18]
inserted:  [92106489, 7, 12, 7, 0]
inserted:  [92106490, 14, 9, 4, 16]
inserted:  [92106491, 10, 4, 7, 15]
inserted:  [92106492, 5, 19, 14, 5]
inserted:  [92106493, 6, 8, 1, 7]
inserted:  [92106494, 7, 6, 20, 20]
inserted:  [92106495, 18, 5, 2, 13]
inserted:  [92106496, 13, 11, 15, 15]
inserted:  [92106497, 17, 3, 17, 12]
inserted:  [92106498, 13, 9, 15, 4]
inserted:  [92106499, 10, 19, 2, 6]
inserted:  [92106500, 16, 8, 1, 20]
inserted:  [92106501, 9, 18, 6, 10]
inserted:  [92106502, 0, 16, 18, 4]
inserted:  [92106503, 11, 16, 1, 6]
inserted:  [92106504, 6, 14, 12, 9]
inserted:  [92106505, 16, 6, 8, 8]
inserted:  [92106506, 13, 12, 2, 7]
inserted:  [92106507, 3, 17, 0, 8]
inserted:  [92106508, 11, 16, 10, 18]
inserted:  [92106509, 10, 3, 11, 6]
inserted:  [92106510, 15, 5, 9, 13]
inserted:  [92106511, 5, 5, 16, 1]
inserted:  [92106512, 13, 12, 20, 19]
inserted:  [92106513, 7, 13, 16, 18]
inserted:  [92106514, 3, 16, 15, 1]
inserted:  [92106515, 16, 14, 13, 0]
inserted:  [92106516, 18, 3, 14, 5]
inserted:  [92106517, 3, 4, 19, 10]
inserted:  [92106518, 9, 19, 11, 17]
inserted:  [92106519, 3, 11, 16, 3]
inserted:  [92106520, 1, 20, 17, 13]
inserted:  [92106521, 19, 12, 19, 3]
inserted:  [92106522, 7, 3, 14, 6]
inserted:  [92106523, 1, 0, 10, 18]
inserted:  [92106524, 16, 13, 2, 6]
inserted:  [92106525, 19, 5, 14, 13]
inserted:  [92106526, 2, 16, 19, 20]
inserted:  [92106527, 4, 11, 4, 18]
inserted:  [92106528, 15, 7, 10, 10]
inserted:  [92106529, 4, 2, 20, 16]
inserted:  [92106530, 10, 9, 10, 14]
inserted:  [92106531, 13, 20, 15, 18]
inserted:  [92106532, 1, 0, 19, 1]
inserted:  [92106533, 17, 10, 4, 16]
inserted:  [92106534, 4, 17, 11, 13]
inserted:  [92106535, 7, 7, 5, 18]
inserted:  [92106536, 2, 1, 0, 17]
inserted:  [92106537, 15, 17, 10, 10]
inserted:  [92106538, 4, 6, 3, 9]
inserted:  [92106539, 20, 6, 6, 0]
inserted:  [92106540, 7, 11, 16, 20]
inserted:  [92106541, 10, 5, 16, 4]
inserted:  [92106542, 9, 4, 5, 5]
inserted:  [92106543, 14, 9, 5, 3]
inserted:  [92106544, 0, 7, 9, 15]
inserted:  [92106545, 4, 15, 2, 5]
inserted:  [92106546, 17, 11, 8, 10]
inserted:  [92106547, 13, 1, 17, 17]
inserted:  [92106548, 18, 7, 19, 13]
inserted:  [92106549, 13, 2, 6, 8]
inserted:  [92106550, 14, 11, 8, 13]
inserted:  [92106551, 2, 17, 2, 17]
inserted:  [92106552, 7, 18, 6, 7]
inserted:  [92106553, 13, 7, 19, 0]
inserted:  [92106554, 12, 4, 19, 11]
inserted:  [92106555, 1, 4, 4, 10]
inserted:  [92106556, 15, 0, 7, 5]
inserted:  [92106557, 18, 4, 18, 5]
inserted:  [92106558, 9, 8, 15, 6]
inserted:  [92106559, 1, 19, 20, 13]
inserted:  [92106560, 9, 11, 8, 14]
inserted:  [92106561, 8, 3, 0, 4]
inserted:  [92106562, 10, 2, 0, 11]
inserted:  [92106563, 4, 5, 16, 11]
inserted:  [92106564, 9, 18, 2, 0]
inserted:  [92106565, 8, 20, 3, 18]
inserted:  [92106566, 11, 1, 5, 1]
inserted:  [92106567, 5, 11, 20, 20]
inserted:  [92106568, 18, 20, 8, 18]
inserted:  [92106569, 4, 13, 2, 2]
inserted:  [92106570, 3, 12, 6, 8]
inserted:  [92106571, 0, 5, 6, 20]
inserted:  [92106572, 18, 5, 20, 15]
inserted:  [92106573, 5, 19, 3, 19]
inserted:  [92106574, 19, 17, 7, 7]
inserted:  [92106575, 4, 14, 4, 6]
inserted:  [92106576, 7, 13, 10, 3]
inserted:  [92106577, 0, 6, 11, 6]
inserted:  [92106578, 1, 4, 4, 6]
inserted:  [92106579, 11, 2, 15, 16]
inserted:  [92106580, 4, 10, 5, 10]
inserted:  [92106581, 17, 13, 9, 17]
inserted:  [92106582, 8, 17, 9, 8]
inserted:  [92106583, 13, 12, 15, 0]
inserted:  [92106584, 14, 11, 12, 7]
inserted:  [92106585, 2, 1, 5, 20]
inserted:  [92106586, 6, 7, 10, 19]
inserted:  [92106587, 18, 4, 20, 1]
inserted:  [92106588, 6, 11, 5, 5]
inserted:  [92106589, 18, 7, 16, 19]
inserted:  [92106590, 3, 10, 1, 14]
inserted:  [92106591, 11, 17, 7, 18]
inserted:  [92106592, 10, 17, 18, 12]
inserted:  [92106593, 16, 8, 8, 8]
inserted:  [92106594, 12, 10, 11, 0]
inserted:  [92106595, 17, 15, 18, 5]
inserted:  [92106596, 1, 6, 13, 9]
inserted:  [92106597, 11, 14, 12, 13]
inserted:  [92106598, 15, 20, 9, 20]
inserted:  [92106599, 11, 16, 10, 0]
inserted:  [92106600, 13, 17, 1, 11]
inserted:  [92106601, 11, 0, 14, 11]
inserted:  [92106602, 7, 16, 3, 13]
inserted:  [92106603, 8, 13, 10, 11]
inserted:  [92106604, 16, 20, 17, 14]
inserted:  [92106605, 12, 1, 6, 18]
inserted:  [92106606, 19, 14, 7, 11]
inserted:  [92106607, 3, 2, 7, 0]
inserted:  [92106608, 12, 7, 15, 11]
inserted:  [92106609, 13, 20, 11, 3]
inserted:  [92106610, 13, 15, 19, 1]
inserted:  [92106611, 19, 7, 20, 4]
inserted:  [92106612, 14, 4, 20, 12]
inserted:  [92106613, 18, 14, 14, 17]
inserted:  [92106614, 16, 13, 9, 8]
inserted:  [92106615, 0, 3, 14, 7]
inserted:  [92106616, 18, 15, 6, 11]
inserted:  [92106617, 13, 12, 10, 15]
inserted:  [92106618, 20, 7, 3, 14]
inserted:  [92106619, 12, 4, 20, 9]
inserted:  [92106620, 18, 4, 10, 10]
inserted:  [92106621, 18, 9, 8, 0]
inserted:  [92106622, 11, 14, 18, 5]
inserted:  [92106623, 9, 1, 11, 3]
inserted:  [92106624, 0, 18, 7, 17]
inserted:  [92106625, 6, 19, 7, 6]
inserted:  [92106626, 20, 12, 16, 15]
inserted:  [92106627, 11, 4, 15, 13]
inserted:  [92106628, 5, 2, 5, 8]
inserted:  [92106629, 16, 16, 16, 4]
inserted:  [92106630, 12, 4, 12, 15]
inserted:  [92106631, 16, 10, 9, 2]
inserted:  [92106632, 11, 16, 6, 13]
inserted:  [92106633, 6, 7, 3, 6]
inserted:  [92106634, 13, 3, 5, 8]
inserted:  [92106635, 13, 2, 5, 15]
inserted:  [92106636, 6, 18, 17, 1]
inserted:  [92106637, 9, 2, 19, 6]
inserted:  [92106638, 7, 16, 19, 2]
inserted:  [92106639, 7, 19, 1, 13]
inserted:  [92106640, 11, 2, 15, 18]
inserted:  [92106641, 7, 14, 2, 6]
inserted:  [92106642, 15, 16, 2, 16]
inserted:  [92106643, 10, 17, 16, 4]
inserted:  [92106644, 13, 14, 7, 7]
inserted:  [92106645, 5, 0, 3, 17]
inserted:  [92106646, 0, 19, 18, 4]
inserted:  [92106647, 20, 20, 3, 13]
inserted:  [92106648, 15, 3, 13, 19]
inserted:  [92106649, 12, 5, 7, 11]
inserted:  [92106650, 5, 6, 9, 12]
inserted:  [92106651, 17, 4, 18, 2]
inserted:  [92106652, 14, 13, 18, 20]
inserted:  [92106653, 0, 19, 7, 12]
inserted:  [92106654, 1, 11, 4, 20]
inserted:  [92106655, 0, 5, 12, 7]
inserted:  [92106656, 16, 16, 4, 10]
inserted:  [92106657, 8, 12, 6, 14]
inserted:  [92106658, 13, 11, 17, 3]
inserted:  [92106659, 8, 2, 6, 9]
inserted:  [92106660, 10, 5, 3, 4]
inserted:  [92106661, 13, 17, 4, 0]
inserted:  [92106662, 4, 4, 16, 1]
inserted:  [92106663, 0, 14, 14, 17]
inserted:  [92106664, 19, 15, 2, 9]
inserted:  [92106665, 13, 20, 8, 14]
inserted:  [92106666, 14, 1, 14, 18]
inserted:  [92106667, 8, 17, 1, 0]
inserted:  [92106668, 9, 18, 0, 0]
inserted:  [92106669, 16, 8, 4, 9]
inserted:  [92106670, 8, 19, 0, 2]
inserted:  [92106671, 10, 19, 16, 5]
inserted:  [92106672, 7, 16, 16, 16]
inserted:  [92106673, 12, 6, 16, 18]
inserted:  [92106674, 0, 15, 6, 2]
inserted:  [92106675, 10, 15, 13, 7]
inserted:  [92106676, 5, 3, 11, 16]
inserted:  [92106677, 10, 5, 5, 1]
inserted:  [92106678, 14, 7, 5, 5]
inserted:  [92106679, 18, 13, 5, 7]
inserted:  [92106680, 8, 1, 0, 19]
inserted:  [92106681, 17, 2, 20, 18]
inserted:  [92106682, 15, 2, 17, 16]
inserted:  [92106683, 20, 18, 15, 0]
inserted:  [92106684, 12, 16, 14, 6]
inserted:  [92106685, 3, 13, 6, 12]
inserted:  [92106686, 19, 3, 14, 0]
inserted:  [92106687, 20, 12, 2, 4]
inserted:  [92106688, 10, 0, 14, 8]
inserted:  [92106689, 20, 11, 3, 4]
inserted:  [92106690, 11, 20, 18, 15]
inserted:  [92106691, 17, 15, 20, 18]
inserted:  [92106692, 14, 4, 2, 17]
inserted:  [92106693, 6, 6, 13, 11]
inserted:  [92106694, 9, 13, 8, 9]
inserted:  [92106695, 16, 1, 7, 8]
inserted:  [92106696, 5, 20, 14, 0]
inserted:  [92106697, 7, 2, 4, 18]
inserted:  [92106698, 16, 15, 2, 10]
inserted:  [92106699, 20, 8, 5, 5]
inserted:  [92106700, 12, 1, 11, 15]
inserted:  [92106701, 11, 12, 3, 9]
inserted:  [92106702, 12, 4, 0, 9]
inserted:  [92106703, 6, 6, 5, 4]
inserted:  [92106704, 13, 13, 9, 5]
inserted:  [92106705, 2, 19, 3, 4]
inserted:  [92106706, 12, 11, 20, 8]
inserted:  [92106707, 3, 3, 16, 4]
inserted:  [92106708, 6, 14, 10, 2]
inserted:  [92106709, 3, 10, 10, 0]
inserted:  [92106710, 1, 12, 12, 7]
inserted:  [92106711, 19, 9, 20, 12]
inserted:  [92106712, 3, 13, 17, 9]
inserted:  [92106713, 2, 5, 20, 3]
inserted:  [92106714, 2, 6, 3, 12]
inserted:  [92106715, 18, 11, 17, 17]
inserted:  [92106716, 2, 9, 14, 13]
inserted:  [92106717, 13, 8, 7, 8]
inserted:  [92106718, 10, 14, 18, 18]
inserted:  [92106719, 10, 8, 10, 19]
inserted:  [92106720, 13, 12, 3, 7]
inserted:  [92106721, 16, 18, 1, 14]
inserted:  [92106722, 12, 2, 8, 8]
inserted:  [92106723, 7, 13, 9, 10]
inserted:  [92106724, 0, 19, 10, 19]
inserted:  [92106725, 12, 5, 1, 5]
inserted:  [92106726, 18, 0, 10, 20]
inserted:  [92106727, 19, 4, 5, 15]
inserted:  [92106728, 17, 13, 7, 14]
inserted:  [92106729, 6, 6, 17, 19]
inserted:  [92106730, 14, 7, 5, 16]
inserted:  [92106731, 4, 9, 20, 16]
inserted:  [92106732, 18, 14, 12, 8]
inserted:  [92106733, 1, 4, 0, 13]
inserted:  [92106734, 5, 3, 5, 11]
inserted:  [92106735, 8, 16, 6, 15]
inserted:  [92106736, 6, 14, 2, 2]
inserted:  [92106737, 10, 4, 13, 10]
inserted:  [92106738, 3, 9, 0, 1]
inserted:  [92106739, 10, 15, 5, 2]
inserted:  [92106740, 7, 18, 18, 9]
inserted:  [92106741, 8, 0, 19, 16]
inserted:  [92106742, 19, 6, 11, 10]
inserted:  [92106743, 3, 5, 16, 0]
inserted:  [92106744, 4, 1, 15, 9]
inserted:  [92106745, 16, 0, 2, 10]
inserted:  [92106746, 7, 10, 12, 1]
inserted:  [92106747, 12, 1, 19, 2]
inserted:  [92106748, 20, 15, 12, 19]
inserted:  [92106749, 12, 15, 5, 10]
inserted:  [92106750, 4, 5, 5, 17]
inserted:  [92106751, 17, 9, 14, 16]
inserted:  [92106752, 10, 4, 12, 10]
inserted:  [92106753, 5, 20, 10, 15]
inserted:  [92106754, 18, 20, 14, 6]
inserted:  [92106755, 14, 8, 10, 13]
inserted:  [92106756, 2, 17, 13, 18]
inserted:  [92106757, 2, 7, 4, 5]
inserted:  [92106758, 7, 9, 12, 20]
inserted:  [92106759, 4, 2, 3, 17]
inserted:  [92106760, 11, 5, 10, 10]
inserted:  [92106761, 19, 2, 14, 3]
inserted:  [92106762, 20, 15, 4, 3]
inserted:  [92106763, 7, 8, 13, 11]
inserted:  [92106764, 3, 0, 10, 17]
inserted:  [92106765, 2, 19, 6, 5]
inserted:  [92106766, 10, 8, 14, 8]
inserted:  [92106767, 16, 4, 10, 19]
inserted:  [92106768, 17, 15, 8, 19]
inserted:  [92106769, 20, 8, 0, 16]
inserted:  [92106770, 8, 9, 16, 2]
inserted:  [92106771, 19, 3, 12, 8]
inserted:  [92106772, 4, 2, 8, 12]
inserted:  [92106773, 1, 6, 13, 5]
inserted:  [92106774, 6, 8, 2, 12]
inserted:  [92106775, 20, 11, 5, 6]
inserted:  [92106776, 15, 1, 19, 19]
inserted:  [92106777, 20, 16, 7, 6]
inserted:  [92106778, 4, 7, 5, 12]
inserted:  [92106779, 11, 20, 7, 8]
inserted:  [92106780, 17, 14, 14, 9]
inserted:  [92106781, 15, 16, 0, 8]
inserted:  [92106782, 1, 0, 11, 16]
inserted:  [92106783, 9, 0, 10, 20]
inserted:  [92106784, 20, 4, 17, 10]
inserted:  [92106785, 5, 18, 4, 11]
inserted:  [92106786, 3, 14, 17, 11]
inserted:  [92106787, 14, 15, 15, 14]
inserted:  [92106788, 14, 20, 6, 20]
inserted:  [92106789, 1, 1, 16, 18]
inserted:  [92106790, 7, 11, 17, 14]
inserted:  [92106791, 4, 0, 9, 2]
inserted:  [92106792, 18, 18, 13, 20]
inserted:  [92106793, 14, 1, 20, 8]
inserted:  [92106794, 10, 12, 4, 11]
inserted:  [92106795, 5, 18, 20, 9]
inserted:  [92106796, 16, 17, 9, 3]
inserted:  [92106797, 20, 4, 6, 16]
inserted:  [92106798, 8, 4, 12, 15]
inserted:  [92106799, 10, 6, 12, 10]
inserted:  [92106800, 8, 6, 2, 10]
inserted:  [92106801, 12, 16, 16, 3]
inserted:  [92106802, 1, 13, 8, 16]
inserted:  [92106803, 20, 12, 5, 12]
inserted:  [92106804, 2, 13, 19, 18]
inserted:  [92106805, 7, 11, 19, 2]
inserted:  [92106806, 2, 2, 4, 5]
inserted:  [92106807, 11, 1, 17, 15]
inserted:  [92106808, 10, 17, 8, 20]
inserted:  [92106809, 15, 3, 1, 18]
inserted:  [92106810, 15, 13, 9, 6]
inserted:  [92106811, 17, 15, 14, 12]
inserted:  [92106812, 19, 20, 17, 13]
inserted:  [92106813, 7, 16, 1, 19]
inserted:  [92106814, 11, 17, 2, 13]
inserted:  [92106815, 7, 19, 0, 10]
inserted:  [92106816, 14, 7, 13, 8]
inserted:  [92106817, 3, 18, 0, 7]
inserted:  [92106818, 14, 6, 11, 11]
inserted:  [92106819, 9, 1, 12, 0]
inserted:  [92106820, 8, 3, 20, 6]
inserted:  [92106821, 20, 3, 10, 9]
inserted:  [92106822, 0, 16, 14, 7]
inserted:  [92106823, 10, 0, 17, 19]
inserted:  [92106824, 16, 18, 16, 3]
inserted:  [92106825, 15, 6, 11, 12]
inserted:  [92106826, 14, 8, 18, 14]
inserted:  [92106827, 9, 20, 5, 0]
inserted:  [92106828, 9, 17, 13, 5]
inserted:  [92106829, 5, 13, 9, 3]
inserted:  [92106830, 18, 16, 0, 9]
inserted:  [92106831, 6, 4, 17, 10]
inserted:  [92106832, 18, 5, 5, 7]
inserted:  [92106833, 13, 2, 16, 9]
inserted:  [92106834, 16, 11, 18, 17]
inserted:  [92106835, 19, 0, 6, 6]
inserted:  [92106836, 5, 19, 10, 18]
inserted:  [92106837, 9, 13, 9, 6]
inserted:  [92106838, 0, 5, 10, 16]
inserted:  [92106839, 7, 1, 14, 17]
inserted:  [92106840, 4, 10, 2, 9]
inserted:  [92106841, 18, 1, 10, 15]
inserted:  [92106842, 5, 20, 15, 8]
inserted:  [92106843, 17, 6, 16, 6]
inserted:  [92106844, 12, 10, 9, 2]
inserted:  [92106845, 11, 11, 0, 19]
inserted:  [92106846, 11, 12, 5, 10]
inserted:  [92106847, 3, 4, 1, 13]
inserted:  [92106848, 7, 6, 18, 4]
inserted:  [92106849, 10, 14, 10, 3]
inserted:  [92106850, 19, 20, 17, 9]
inserted:  [92106851, 3, 6, 6, 1]
inserted:  [92106852, 1, 10, 17, 10]
inserted:  [92106853, 13, 11, 16, 2]
inserted:  [92106854, 7, 20, 11, 6]
inserted:  [92106855, 2, 12, 2, 2]
inserted:  [92106856, 20, 0, 3, 10]
inserted:  [92106857, 12, 17, 10, 9]
inserted:  [92106858, 2, 4, 7, 8]
inserted:  [92106859, 3, 6, 16, 4]
inserted:  [92106860, 0, 12, 16, 0]
inserted:  [92106861, 3, 6, 9, 4]
inserted:  [92106862, 16, 2, 15, 4]
inserted:  [92106863, 7, 20, 10, 11]
inserted:  [92106864, 10, 14, 14, 19]
inserted:  [92106865, 12, 0, 18, 13]
inserted:  [92106866, 12, 14, 2, 6]
inserted:  [92106867, 19, 1, 13, 18]
inserted:  [92106868, 9, 9, 18, 12]
inserted:  [92106869, 16, 1, 13, 4]
inserted:  [92106870, 2, 10, 20, 5]
inserted:  [92106871, 11, 17, 14, 2]
inserted:  [92106872, 12, 12, 15, 19]
inserted:  [92106873, 5, 16, 16, 5]
inserted:  [92106874, 13, 1, 5, 2]
inserted:  [92106875, 4, 8, 17, 9]
inserted:  [92106876, 9, 16, 12, 6]
inserted:  [92106877, 15, 4, 7, 15]
inserted:  [92106878, 6, 13, 3, 1]
inserted:  [92106879, 20, 1, 2, 19]
inserted:  [92106880, 19, 0, 9, 10]
inserted:  [92106881, 13, 1, 19, 5]
inserted:  [92106882, 3, 1, 3, 8]
inserted:  [92106883, 8, 20, 6, 13]
inserted:  [92106884, 8, 8, 8, 19]
inserted:  [92106885, 1, 9, 15, 17]
inserted:  [92106886, 16, 7, 12, 14]
inserted:  [92106887, 11, 15, 12, 2]
inserted:  [92106888, 5, 20, 9, 12]
inserted:  [92106889, 17, 0, 17, 5]
inserted:  [92106890, 20, 1, 17, 3]
inserted:  [92106891, 1, 2, 9, 16]
inserted:  [92106892, 17, 0, 10, 15]
inserted:  [92106893, 12, 20, 12, 19]
inserted:  [92106894, 19, 20, 20, 9]
inserted:  [92106895, 3, 8, 10, 12]
inserted:  [92106896, 20, 12, 1, 0]
inserted:  [92106897, 4, 7, 7, 11]
inserted:  [92106898, 1, 19, 8, 1]
inserted:  [92106899, 15, 9, 3, 18]
inserted:  [92106900, 17, 6, 18, 17]
inserted:  [92106901, 1, 1, 12, 17]
inserted:  [92106902, 10, 12, 10, 15]
inserted:  [92106903, 20, 8, 12, 10]
inserted:  [92106904, 1, 16, 9, 16]
inserted:  [92106905, 10, 19, 4, 10]
inserted:  [92106906, 7, 8, 14, 10]
inserted:  [92106907, 7, 6, 5, 19]
inserted:  [92106908, 11, 10, 1, 6]
inserted:  [92106909, 16, 1, 12, 4]
inserted:  [92106910, 11, 9, 5, 19]
inserted:  [92106911, 0, 10, 15, 7]
inserted:  [92106912, 8, 12, 15, 5]
inserted:  [92106913, 17, 10, 4, 8]
inserted:  [92106914, 14, 3, 6, 9]
inserted:  [92106915, 20, 3, 17, 9]
inserted:  [92106916, 2, 4, 16, 0]
inserted:  [92106917, 6, 1, 18, 2]
inserted:  [92106918, 2, 20, 17, 1]
inserted:  [92106919, 3, 13, 16, 15]
inserted:  [92106920, 15, 3, 3, 2]
inserted:  [92106921, 12, 11, 2, 6]
inserted:  [92106922, 19, 11, 3, 8]
inserted:  [92106923, 6, 5, 4, 1]
inserted:  [92106924, 10, 6, 19, 18]
inserted:  [92106925, 9, 15, 11, 11]
inserted:  [92106926, 18, 9, 16, 6]
inserted:  [92106927, 18, 2, 20, 13]
inserted:  [92106928, 13, 5, 2, 2]
inserted:  [92106929, 16, 8, 15, 15]
inserted:  [92106930, 14, 7, 1, 9]
inserted:  [92106931, 13, 14, 5, 7]
inserted:  [92106932, 9, 18, 20, 10]
inserted:  [92106933, 17, 5, 13, 18]
inserted:  [92106934, 19, 12, 11, 14]
inserted:  [92106935, 15, 13, 5, 19]
inserted:  [92106936, 6, 5, 12, 20]
inserted:  [92106937, 3, 20, 4, 19]
inserted:  [92106938, 10, 12, 20, 12]
inserted:  [92106939, 8, 16, 2, 8]
inserted:  [92106940, 0, 4, 7, 19]
inserted:  [92106941, 20, 8, 1, 9]
inserted:  [92106942, 12, 9, 2, 19]
inserted:  [92106943, 9, 12, 7, 3]
inserted:  [92106944, 5, 13, 2, 18]
inserted:  [92106945, 2, 15, 15, 6]
inserted:  [92106946, 8, 4, 10, 4]
inserted:  [92106947, 8, 5, 7, 12]
inserted:  [92106948, 18, 4, 18, 19]
inserted:  [92106949, 12, 17, 6, 12]
inserted:  [92106950, 18, 11, 3, 16]
inserted:  [92106951, 10, 14, 5, 5]
inserted:  [92106952, 18, 17, 14, 20]
inserted:  [92106953, 5, 3, 2, 8]
inserted:  [92106954, 19, 7, 5, 18]
inserted:  [92106955, 16, 19, 10, 14]
inserted:  [92106956, 15, 9, 16, 10]
inserted:  [92106957, 17, 10, 10, 5]
inserted:  [92106958, 11, 8, 11, 5]
inserted:  [92106959, 6, 12, 1, 13]
inserted:  [92106960, 14, 20, 20, 8]
inserted:  [92106961, 8, 15, 18, 13]
inserted:  [92106962, 13, 10, 13, 2]
inserted:  [92106963, 17, 7, 20, 10]
inserted:  [92106964, 7, 12, 15, 13]
inserted:  [92106965, 10, 10, 14, 6]
inserted:  [92106966, 10, 11, 6, 2]
inserted:  [92106967, 13, 9, 14, 12]
inserted:  [92106968, 14, 5, 17, 17]
inserted:  [92106969, 6, 14, 7, 17]
inserted:  [92106970, 13, 14, 1, 2]
inserted:  [92106971, 6, 14, 20, 16]
inserted:  [92106972, 18, 10, 4, 14]
inserted:  [92106973, 10, 16, 7, 7]
inserted:  [92106974, 17, 20, 12, 9]
inserted:  [92106975, 3, 20, 16, 2]
inserted:  [92106976, 7, 12, 20, 15]
inserted:  [92106977, 13, 7, 1, 13]
inserted:  [92106978, 6, 16, 4, 1]
inserted:  [92106979, 19, 9, 10, 4]
inserted:  [92106980, 6, 6, 16, 16]
inserted:  [92106981, 12, 13, 19, 7]
inserted:  [92106982, 1, 16, 7, 11]
inserted:  [92106983, 3, 19, 17, 7]
inserted:  [92106984, 12, 14, 20, 3]
inserted:  [92106985, 2, 17, 7, 15]
inserted:  [92106986, 7, 20, 10, 11]
inserted:  [92106987, 15, 20, 6, 18]
inserted:  [92106988, 7, 4, 3, 9]
inserted:  [92106989, 11, 16, 0, 11]
inserted:  [92106990, 4, 4, 11, 7]
inserted:  [92106991, 1, 14, 11, 2]
inserted:  [92106992, 0, 0, 17, 16]
inserted:  [92106993, 10, 13, 20, 10]
inserted:  [92106994, 15, 3, 5, 17]
inserted:  [92106995, 6, 1, 5, 7]
inserted:  [92106996, 5, 19, 20, 1]
inserted:  [92106997, 8, 4, 7, 11]
inserted:  [92106998, 8, 7, 5, 6]
inserted:  [92106999, 6, 8, 10, 18]
inserted:  [92107000, 17, 3, 11, 17]
inserted:  [92107001, 4, 3, 12, 4]
inserted:  [92107002, 12, 20, 16, 10]
inserted:  [92107003, 9, 7, 18, 9]
inserted:  [92107004, 16, 8, 17, 0]
inserted:  [92107005, 1, 15, 2, 7]
inserted:  [92107006, 18, 10, 9, 16]
inserted:  [92107007, 10, 4, 3, 1]
inserted:  [92107008, 9, 13, 8, 10]
inserted:  [92107009, 12, 9, 18, 11]
inserted:  [92107010, 19, 8, 5, 13]
inserted:  [92107011, 9, 20, 1, 5]
inserted:  [92107012, 6, 13, 13, 4]
inserted:  [92107013, 4, 13, 20, 12]
inserted:  [92107014, 1, 5, 10, 17]
inserted:  [92107015, 7, 14, 2, 16]
inserted:  [92107016, 2, 2, 7, 4]
inserted:  [92107017, 7, 8, 2, 5]
inserted:  [92107018, 1, 15, 6, 19]
inserted:  [92107019, 7, 9, 1, 12]
inserted:  [92107020, 8, 13, 18, 19]
inserted:  [92107021, 11, 17, 17, 12]
inserted:  [92107022, 11, 2, 19, 16]
inserted:  [92107023, 4, 8, 4, 15]
inserted:  [92107024, 12, 13, 10, 4]
inserted:  [92107025, 3, 15, 6, 3]
inserted:  [92107026, 12, 1, 8, 16]
inserted:  [92107027, 14, 9, 18, 10]
inserted:  [92107028, 18, 8, 0, 1]
inserted:  [92107029, 4, 10, 15, 14]
inserted:  [92107030, 12, 14, 10, 10]
inserted:  [92107031, 0, 6, 9, 15]
inserted:  [92107032, 1, 9, 17, 0]
inserted:  [92107033, 16, 1, 14, 6]
inserted:  [92107034, 10, 6, 6, 13]
inserted:  [92107035, 18, 8, 14, 9]
inserted:  [92107036, 2, 5, 1, 15]
inserted:  [92107037, 17, 10, 5, 13]
inserted:  [92107038, 7, 15, 6, 18]
inserted:  [92107039, 6, 2, 15, 15]
inserted:  [92107040, 13, 14, 1, 2]
inserted:  [92107041, 15, 14, 11, 16]
inserted:  [92107042, 2, 2, 15, 15]
inserted:  [92107043, 1, 12, 4, 14]
inserted:  [92107044, 11, 15, 0, 18]
inserted:  [92107045, 20, 16, 7, 20]
inserted:  [92107046, 12, 15, 7, 10]
inserted:  [92107047, 4, 12, 12, 18]
inserted:  [92107048, 2, 15, 17, 7]
inserted:  [92107049, 14, 16, 14, 8]
inserted:  [92107050, 19, 12, 1, 1]
inserted:  [92107051, 11, 9, 5, 17]
inserted:  [92107052, 7, 20, 15, 1]
inserted:  [92107053, 12, 6, 15, 3]
inserted:  [92107054, 4, 2, 5, 9]
inserted:  [92107055, 8, 19, 8, 11]
inserted:  [92107056, 3, 1, 18, 2]
inserted:  [92107057, 20, 7, 2, 13]
inserted:  [92107058, 11, 4, 17, 12]
inserted:  [92107059, 20, 11, 15, 18]
inserted:  [92107060, 12, 18, 20, 5]
inserted:  [92107061, 8, 20, 7, 16]
inserted:  [92107062, 17, 11, 11, 11]
inserted:  [92107063, 0, 19, 10, 2]
inserted:  [92107064, 2, 6, 8, 5]
inserted:  [92107065, 15, 17, 0, 12]
inserted:  [92107066, 0, 16, 11, 1]
inserted:  [92107067, 3, 20, 16, 1]
inserted:  [92107068, 6, 9, 8, 2]
inserted:  [92107069, 16, 15, 3, 20]
inserted:  [92107070, 6, 20, 1, 19]
inserted:  [92107071, 4, 1, 13, 14]
inserted:  [92107072, 7, 16, 18, 5]
inserted:  [92107073, 4, 18, 5, 7]
inserted:  [92107074, 19, 4, 1, 8]
inserted:  [92107075, 5, 4, 20, 9]
inserted:  [92107076, 11, 15, 8, 5]
inserted:  [92107077, 0, 8, 4, 2]
inserted:  [92107078, 6, 9, 15, 19]
inserted:  [92107079, 15, 19, 0, 18]
inserted:  [92107080, 5, 16, 9, 9]
inserted:  [92107081, 3, 2, 18, 17]
inserted:  [92107082, 15, 13, 7, 0]
inserted:  [92107083, 19, 10, 20, 7]
inserted:  [92107084, 4, 3, 7, 5]
inserted:  [92107085, 3, 5, 17, 16]
inserted:  [92107086, 10, 6, 14, 17]
inserted:  [92107087, 11, 13, 20, 15]
inserted:  [92107088, 17, 15, 13, 0]
inserted:  [92107089, 19, 17, 14, 1]
inserted:  [92107090, 3, 18, 13, 19]
inserted:  [92107091, 3, 9, 12, 18]
inserted:  [92107092, 1, 13, 10, 11]
inserted:  [92107093, 10, 6, 20, 12]
inserted:  [92107094, 14, 12, 8, 18]
inserted:  [92107095, 1, 14, 17, 4]
inserted:  [92107096, 3, 4, 12, 13]
inserted:  [92107097, 3, 1, 3, 2]
inserted:  [92107098, 19, 10, 7, 18]
inserted:  [92107099, 16, 9, 13, 8]
inserted:  [92107100, 4, 15, 9, 4]
inserted:  [92107101, 18, 3, 14, 4]
inserted:  [92107102, 3, 12, 8, 11]
inserted:  [92107103, 11, 4, 0, 10]
inserted:  [92107104, 17, 6, 15, 4]
inserted:  [92107105, 1, 17, 0, 15]
inserted:  [92107106, 17, 9, 2, 9]
inserted:  [92107107, 1, 13, 4, 14]
inserted:  [92107108, 18, 1, 0, 16]
inserted:  [92107109, 4, 5, 1, 0]
inserted:  [92107110, 3, 14, 2, 7]
inserted:  [92107111, 20, 6, 13, 17]
inserted:  [92107112, 6, 20, 10, 12]
inserted:  [92107113, 1, 14, 1, 18]
inserted:  [92107114, 19, 12, 6, 11]
inserted:  [92107115, 6, 6, 18, 14]
inserted:  [92107116, 19, 6, 10, 12]
inserted:  [92107117, 4, 4, 0, 15]
inserted:  [92107118, 9, 4, 8, 16]
inserted:  [92107119, 11, 13, 5, 0]
inserted:  [92107120, 9, 15, 1, 17]
inserted:  [92107121, 7, 18, 3, 9]
inserted:  [92107122, 4, 18, 6, 17]
inserted:  [92107123, 9, 7, 6, 14]
inserted:  [92107124, 19, 10, 4, 19]
inserted:  [92107125, 11, 19, 7, 16]
inserted:  [92107126, 15, 4, 4, 9]
inserted:  [92107127, 20, 16, 18, 7]
inserted:  [92107128, 0, 9, 3, 19]
inserted:  [92107129, 6, 12, 15, 8]
inserted:  [92107130, 14, 13, 20, 0]
inserted:  [92107131, 6, 3, 4, 3]
inserted:  [92107132, 2, 5, 12, 18]
inserted:  [92107133, 17, 12, 6, 11]
inserted:  [92107134, 16, 4, 7, 16]
inserted:  [92107135, 6, 5, 18, 16]
inserted:  [92107136, 4, 19, 15, 10]
inserted:  [92107137, 8, 0, 17, 17]
inserted:  [92107138, 14, 11, 8, 12]
inserted:  [92107139, 0, 12, 19, 11]
inserted:  [92107140, 18, 17, 5, 20]
inserted:  [92107141, 9, 17, 15, 6]
inserted:  [92107142, 17, 17, 12, 14]
inserted:  [92107143, 7, 14, 20, 13]
inserted:  [92107144, 5, 9, 20, 6]
inserted:  [92107145, 13, 16, 15, 19]
inserted:  [92107146, 10, 8, 8, 1]
inserted:  [92107147, 9, 20, 3, 0]
inserted:  [92107148, 17, 8, 20, 5]
inserted:  [92107149, 7, 10, 8, 0]
inserted:  [92107150, 13, 12, 10, 19]
inserted:  [92107151, 8, 16, 1, 17]
inserted:  [92107152, 15, 5, 10, 0]
inserted:  [92107153, 1, 2, 15, 2]
inserted:  [92107154, 5, 17, 6, 7]
inserted:  [92107155, 18, 14, 14, 18]
inserted:  [92107156, 20, 3, 6, 11]
inserted:  [92107157, 16, 1, 6, 7]
inserted:  [92107158, 15, 20, 17, 6]
inserted:  [92107159, 17, 16, 13, 4]
inserted:  [92107160, 4, 11, 6, 3]
inserted:  [92107161, 17, 10, 20, 15]
inserted:  [92107162, 2, 10, 3, 3]
inserted:  [92107163, 6, 14, 18, 13]
inserted:  [92107164, 17, 12, 20, 12]
inserted:  [92107165, 20, 4, 10, 16]
inserted:  [92107166, 9, 4, 7, 16]
inserted:  [92107167, 1, 8, 17, 3]
inserted:  [92107168, 3, 14, 19, 16]
inserted:  [92107169, 11, 19, 20, 18]
inserted:  [92107170, 12, 20, 20, 20]
inserted:  [92107171, 15, 18, 19, 16]
inserted:  [92107172, 6, 11, 16, 1]
inserted:  [92107173, 17, 6, 16, 1]
inserted:  [92107174, 13, 8, 0, 5]
inserted:  [92107175, 16, 3, 2, 19]
inserted:  [92107176, 15, 2, 18, 2]
inserted:  [92107177, 19, 13, 8, 4]
inserted:  [92107178, 1, 19, 0, 1]
inserted:  [92107179, 3, 9, 7, 3]
inserted:  [92107180, 16, 11, 11, 6]
inserted:  [92107181, 5, 6, 10, 4]
inserted:  [92107182, 3, 13, 19, 19]
inserted:  [92107183, 13, 3, 8, 2]
inserted:  [92107184, 12, 8, 2, 7]
inserted:  [92107185, 6, 15, 18, 6]
inserted:  [92107186, 12, 10, 10, 17]
inserted:  [92107187, 4, 5, 11, 16]
inserted:  [92107188, 18, 15, 20, 5]
inserted:  [92107189, 4, 2, 9, 20]
inserted:  [92107190, 15, 2, 5, 8]
inserted:  [92107191, 12, 13, 18, 14]
inserted:  [92107192, 7, 18, 15, 1]
inserted:  [92107193, 18, 10, 11, 20]
inserted:  [92107194, 1, 0, 19, 15]
inserted:  [92107195, 9, 15, 18, 18]
inserted:  [92107196, 6, 2, 1, 13]
inserted:  [92107197, 8, 1, 0, 17]
inserted:  [92107198, 14, 8, 6, 0]
inserted:  [92107199, 20, 20, 0, 11]
inserted:  [92107200, 4, 14, 13, 8]
inserted:  [92107201, 18, 12, 7, 6]
inserted:  [92107202, 5, 2, 6, 10]
inserted:  [92107203, 6, 6, 12, 3]
inserted:  [92107204, 11, 10, 16, 0]
inserted:  [92107205, 15, 5, 17, 4]
inserted:  [92107206, 13, 2, 1, 7]
inserted:  [92107207, 11, 19, 19, 13]
inserted:  [92107208, 12, 19, 0, 20]
inserted:  [92107209, 4, 16, 5, 18]
inserted:  [92107210, 9, 16, 8, 8]
inserted:  [92107211, 14, 2, 1, 17]
inserted:  [92107212, 5, 5, 0, 1]
inserted:  [92107213, 16, 2, 17, 12]
inserted:  [92107214, 17, 17, 11, 0]
inserted:  [92107215, 14, 19, 2, 17]
inserted:  [92107216, 20, 1, 5, 7]
inserted:  [92107217, 18, 8, 4, 18]
inserted:  [92107218, 3, 7, 7, 3]
inserted:  [92107219, 0, 6, 16, 9]
inserted:  [92107220, 8, 12, 1, 3]
inserted:  [92107221, 0, 13, 14, 8]
inserted:  [92107222, 0, 1, 9, 0]
inserted:  [92107223, 16, 13, 20, 18]
inserted:  [92107224, 14, 8, 17, 9]
inserted:  [92107225, 13, 1, 9, 15]
inserted:  [92107226, 18, 0, 7, 0]
inserted:  [92107227, 16, 7, 16, 10]
inserted:  [92107228, 6, 18, 9, 11]
inserted:  [92107229, 6, 2, 2, 13]
inserted:  [92107230, 18, 14, 15, 15]
inserted:  [92107231, 15, 7, 7, 17]
inserted:  [92107232, 11, 5, 2, 6]
inserted:  [92107233, 12, 15, 15, 16]
inserted:  [92107234, 10, 18, 19, 14]
inserted:  [92107235, 20, 14, 10, 18]
inserted:  [92107236, 4, 20, 20, 2]
inserted:  [92107237, 13, 0, 12, 5]
inserted:  [92107238, 9, 17, 14, 2]
inserted:  [92107239, 0, 4, 7, 16]
inserted:  [92107240, 9, 17, 20, 12]
inserted:  [92107241, 8, 16, 20, 19]
inserted:  [92107242, 2, 8, 0, 12]
inserted:  [92107243, 11, 4, 14, 3]
inserted:  [92107244, 17, 10, 2, 1]
inserted:  [92107245, 13, 19, 1, 1]
inserted:  [92107246, 17, 5, 3, 8]
inserted:  [92107247, 17, 10, 20, 0]
inserted:  [92107248, 19, 16, 4, 15]
inserted:  [92107249, 2, 15, 19, 12]
inserted:  [92107250, 2, 5, 1, 10]
inserted:  [92107251, 10, 5, 19, 13]
inserted:  [92107252, 14, 4, 15, 17]
inserted:  [92107253, 8, 18, 1, 1]
inserted:  [92107254, 9, 2, 6, 8]
inserted:  [92107255, 15, 6, 18, 17]
inserted:  [92107256, 4, 17, 4, 17]
inserted:  [92107257, 6, 5, 3, 17]
inserted:  [92107258, 14, 11, 11, 14]
inserted:  [92107259, 14, 0, 13, 4]
inserted:  [92107260, 8, 15, 1, 1]
inserted:  [92107261, 11, 1, 20, 19]
inserted:  [92107262, 16, 9, 6, 14]
inserted:  [92107263, 9, 12, 3, 5]
inserted:  [92107264, 12, 3, 10, 14]
inserted:  [92107265, 3, 6, 19, 13]
inserted:  [92107266, 5, 6, 5, 4]
inserted:  [92107267, 5, 15, 2, 18]
inserted:  [92107268, 10, 12, 6, 11]
inserted:  [92107269, 2, 13, 20, 15]
inserted:  [92107270, 20, 5, 13, 3]
inserted:  [92107271, 1, 11, 16, 3]
inserted:  [92107272, 1, 19, 19, 2]
inserted:  [92107273, 11, 16, 20, 8]
inserted:  [92107274, 18, 3, 12, 6]
inserted:  [92107275, 16, 18, 0, 0]
inserted:  [92107276, 13, 5, 16, 14]
inserted:  [92107277, 20, 11, 3, 15]
inserted:  [92107278, 7, 11, 19, 1]
inserted:  [92107279, 20, 3, 4, 0]
inserted:  [92107280, 6, 17, 6, 14]
inserted:  [92107281, 16, 10, 16, 12]
inserted:  [92107282, 18, 18, 1, 3]
inserted:  [92107283, 18, 9, 0, 17]
inserted:  [92107284, 20, 3, 19, 12]
inserted:  [92107285, 4, 6, 13, 4]
inserted:  [92107286, 5, 11, 17, 7]
inserted:  [92107287, 2, 13, 6, 5]
inserted:  [92107288, 0, 13, 12, 8]
inserted:  [92107289, 11, 2, 2, 20]
inserted:  [92107290, 18, 20, 14, 2]
inserted:  [92107291, 16, 11, 14, 0]
inserted:  [92107292, 13, 10, 13, 10]
inserted:  [92107293, 13, 6, 10, 17]
inserted:  [92107294, 1, 11, 19, 19]
inserted:  [92107295, 19, 8, 6, 1]
inserted:  [92107296, 8, 6, 20, 11]
inserted:  [92107297, 14, 8, 20, 16]
inserted:  [92107298, 18, 7, 1, 18]
inserted:  [92107299, 3, 5, 19, 17]
inserted:  [92107300, 13, 20, 4, 20]
inserted:  [92107301, 19, 1, 4, 20]
inserted:  [92107302, 20, 5, 13, 20]
inserted:  [92107303, 7, 17, 17, 12]
inserted:  [92107304, 10, 17, 5, 11]
inserted:  [92107305, 18, 8, 16, 0]
inserted:  [92107306, 7, 16, 19, 11]
inserted:  [92107307, 0, 19, 18, 9]
inserted:  [92107308, 15, 14, 18, 19]
inserted:  [92107309, 7, 8, 7, 10]
inserted:  [92107310, 17, 9, 8, 0]
inserted:  [92107311, 2, 15, 2, 20]
inserted:  [92107312, 15, 6, 16, 13]
inserted:  [92107313, 3, 4, 4, 15]
inserted:  [92107314, 4, 0, 15, 15]
inserted:  [92107315, 1, 1, 6, 19]
inserted:  [92107316, 6, 14, 11, 15]
inserted:  [92107317, 19, 9, 13, 20]
inserted:  [92107318, 1, 6, 0, 1]
inserted:  [92107319, 13, 2, 1, 13]
inserted:  [92107320, 10, 3, 7, 15]
inserted:  [92107321, 9, 12, 13, 10]
inserted:  [92107322, 15, 16, 12, 8]
inserted:  [92107323, 1, 20, 18, 19]
inserted:  [92107324, 5, 5, 2, 9]
inserted:  [92107325, 18, 17, 12, 2]
inserted:  [92107326, 15, 0, 4, 4]
inserted:  [92107327, 3, 0, 6, 11]
inserted:  [92107328, 6, 9, 19, 5]
inserted:  [92107329, 2, 9, 12, 0]
inserted:  [92107330, 8, 7, 6, 8]
inserted:  [92107331, 12, 11, 12, 7]
inserted:  [92107332, 15, 17, 20, 8]
inserted:  [92107333, 5, 2, 16, 2]
inserted:  [92107334, 9, 10, 15, 18]
inserted:  [92107335, 17, 12, 6, 2]
inserted:  [92107336, 2, 3, 11, 10]
inserted:  [92107337, 17, 2, 13, 5]
inserted:  [92107338, 4, 3, 19, 3]
inserted:  [92107339, 18, 2, 0, 1]
inserted:  [92107340, 11, 6, 7, 12]
inserted:  [92107341, 2, 8, 5, 8]
inserted:  [92107342, 9, 10, 0, 10]
inserted:  [92107343, 8, 8, 17, 1]
inserted:  [92107344, 0, 6, 12, 15]
inserted:  [92107345, 19, 6, 10, 7]
inserted:  [92107346, 19, 20, 7, 2]
inserted:  [92107347, 16, 13, 20, 2]
inserted:  [92107348, 1, 11, 4, 0]
inserted:  [92107349, 6, 9, 19, 20]
inserted:  [92107350, 1, 7, 8, 16]
inserted:  [92107351, 7, 8, 12, 6]
inserted:  [92107352, 3, 5, 13, 2]
inserted:  [92107353, 14, 7, 17, 1]
inserted:  [92107354, 16, 7, 7, 9]
inserted:  [92107355, 10, 7, 7, 20]
inserted:  [92107356, 3, 14, 11, 20]
inserted:  [92107357, 7, 5, 6, 15]
inserted:  [92107358, 8, 0, 3, 17]
inserted:  [92107359, 7, 15, 3, 20]
inserted:  [92107360, 19, 7, 18, 2]
inserted:  [92107361, 6, 2, 7, 4]
inserted:  [92107362, 12, 13, 15, 4]
inserted:  [92107363, 0, 17, 9, 5]
inserted:  [92107364, 15, 7, 1, 1]
inserted:  [92107365, 14, 0, 1, 15]
inserted:  [92107366, 10, 16, 5, 0]
inserted:  [92107367, 0, 2, 15, 10]
inserted:  [92107368, 3, 5, 6, 15]
inserted:  [92107369, 20, 20, 20, 11]
inserted:  [92107370, 1, 19, 15, 7]
inserted:  [92107371, 16, 11, 4, 4]
inserted:  [92107372, 3, 14, 7, 19]
inserted:  [92107373, 18, 3, 6, 4]
inserted:  [92107374, 19, 6, 6, 16]
inserted:  [92107375, 9, 15, 15, 15]
inserted:  [92107376, 13, 4, 7, 2]
inserted:  [92107377, 12, 17, 2, 0]
inserted:  [92107378, 10, 5, 17, 10]
inserted:  [92107379, 14, 7, 3, 6]
inserted:  [92107380, 0, 15, 20, 12]
inserted:  [92107381, 10, 12, 8, 17]
inserted:  [92107382, 20, 5, 4, 12]
inserted:  [92107383, 5, 17, 4, 18]
inserted:  [92107384, 11, 15, 14, 2]
inserted:  [92107385, 6, 6, 0, 13]
inserted:  [92107386, 3, 7, 4, 19]
inserted:  [92107387, 3, 10, 3, 14]
inserted:  [92107388, 13, 11, 6, 18]
inserted:  [92107389, 11, 15, 0, 15]
inserted:  [92107390, 3, 2, 1, 2]
inserted:  [92107391, 0, 0, 13, 16]
inserted:  [92107392, 0, 5, 20, 2]
inserted:  [92107393, 5, 7, 10, 15]
inserted:  [92107394, 20, 11, 6, 13]
inserted:  [92107395, 18, 12, 6, 6]
inserted:  [92107396, 16, 9, 9, 9]
inserted:  [92107397, 19, 20, 8, 2]
inserted:  [92107398, 3, 10, 4, 4]
inserted:  [92107399, 4, 9, 5, 6]
inserted:  [92107400, 3, 13, 11, 19]
inserted:  [92107401, 0, 7, 20, 7]
inserted:  [92107402, 1, 14, 12, 0]
inserted:  [92107403, 17, 9, 15, 16]
inserted:  [92107404, 15, 17, 7, 2]
inserted:  [92107405, 6, 1, 5, 5]
inserted:  [92107406, 13, 3, 2, 16]
inserted:  [92107407, 6, 16, 3, 8]
inserted:  [92107408, 0, 3, 4, 2]
inserted:  [92107409, 4, 0, 14, 11]
inserted:  [92107410, 7, 0, 1, 2]
inserted:  [92107411, 17, 19, 8, 0]
inserted:  [92107412, 11, 19, 12, 0]
inserted:  [92107413, 12, 15, 13, 16]
inserted:  [92107414, 6, 9, 12, 0]
inserted:  [92107415, 14, 1, 7, 19]
inserted:  [92107416, 20, 16, 11, 19]
inserted:  [92107417, 15, 2, 12, 20]
inserted:  [92107418, 6, 2, 18, 18]
inserted:  [92107419, 1, 0, 5, 8]
inserted:  [92107420, 4, 1, 1, 16]
inserted:  [92107421, 9, 11, 10, 8]
inserted:  [92107422, 14, 12, 5, 17]
inserted:  [92107423, 14, 18, 3, 0]
inserted:  [92107424, 0, 17, 1, 7]
inserted:  [92107425, 19, 7, 13, 2]
inserted:  [92107426, 19, 11, 10, 17]
inserted:  [92107427, 16, 7, 15, 2]
inserted:  [92107428, 15, 19, 14, 4]
Insert finished
Insert took  0.017519511
select on 92106429 : [92106429, 9, 1, 14, 1]
select on 92106430 : [92106430, 19, 6, 13, 2]
select on 92106431 : [92106431, 10, 10, 8, 2]
select on 92106432 : [92106432, 4, 1, 18, 20]
select on 92106433 : [92106433, 0, 14, 15, 10]
select on 92106434 : [92106434, 20, 7, 10, 6]
select on 92106435 : [92106435, 10, 19, 7, 15]
select on 92106436 : [92106436, 4, 5, 5, 3]
select on 92106437 : [92106437, 19, 8, 15, 6]
select on 92106438 : [92106438, 10, 3, 8, 1]
select on 92106439 : [92106439, 6, 17, 17, 18]
select on 92106440 : [92106440, 19, 1, 5, 9]
select on 92106441 : [92106441, 7, 16, 12, 9]
select on 92106442 : [92106442, 6, 16, 20, 5]
select on 92106443 : [92106443, 15, 13, 10, 1]
select on 92106444 : [92106444, 19, 15, 10, 2]
select on 92106445 : [92106445, 9, 19, 0, 13]
select on 92106446 : [92106446, 19, 3, 3, 13]
select on 92106447 : [92106447, 14, 2, 5, 15]
select on 92106448 : [92106448, 12, 18, 13, 6]
select on 92106449 : [92106449, 8, 11, 1, 2]
select on 92106450 : [92106450, 1, 13, 20, 15]
select on 92106451 : [92106451, 13, 20, 20, 9]
select on 92106452 : [92106452, 1, 16, 3, 4]
select on 92106453 : [92106453, 1, 9, 19, 7]
select on 92106454 : [92106454, 18, 17, 12, 9]
select on 92106455 : [92106455, 10, 1, 13, 14]
select on 92106456 : [92106456, 8, 6, 16, 20]
select on 92106457 : [92106457, 3, 9, 11, 3]
select on 92106458 : [92106458, 1, 0, 20, 14]
select on 92106459 : [92106459, 11, 9, 19, 19]
select on 92106460 : [92106460, 14, 8, 18, 4]
select on 92106461 : [92106461, 12, 1, 7, 9]
select on 92106462 : [92106462, 19, 2, 4, 2]
select on 92106463 : [92106463, 19, 7, 10, 15]
select on 92106464 : [92106464, 3, 8, 6, 4]
select on 92106465 : [92106465, 5, 12, 8, 11]
select on 92106466 : [92106466, 10, 10, 17, 8]
select on 92106467 : [92106467, 5, 16, 17, 12]
select on 92106468 : [92106468, 0, 11, 8, 2]
select on 92106469 : [92106469, 4, 16, 8, 19]
select on 92106470 : [92106470, 1, 0, 13, 7]
select on 92106471 : [92106471, 8, 18, 9, 7]
select on 92106472 : [92106472, 16, 1, 18, 12]
select on 92106473 : [92106473, 19, 12, 9, 19]
select on 92106474 : [92106474, 16, 15, 7, 12]
select on 92106475 : [92106475, 19, 1, 15, 15]
select on 92106476 : [92106476, 20, 0, 17, 3]
select on 92106477 : [92106477, 0, 7, 6, 6]
select on 92106478 : [92106478, 5, 0, 19, 7]
select on 92106479 : [92106479, 4, 10, 16, 18]
select on 92106480 : [92106480, 7, 1, 10, 9]
select on 92106481 : [92106481, 13, 1, 6, 13]
select on 92106482 : [92106482, 13, 9, 5, 18]
select on 92106483 : [92106483, 0, 8, 13, 9]
select on 92106484 : [92106484, 16, 19, 7, 14]
select on 92106485 : [92106485, 2, 13, 3, 10]
select on 92106486 : [92106486, 12, 13, 3, 12]
select on 92106487 : [92106487, 1, 4, 4, 6]
select on 92106488 : [92106488, 4, 5, 19, 18]
select on 92106489 : [92106489, 7, 12, 7, 0]
select on 92106490 : [92106490, 14, 9, 4, 16]
select on 92106491 : [92106491, 10, 4, 7, 15]
select on 92106492 : [92106492, 5, 19, 14, 5]
select on 92106493 : [92106493, 6, 8, 1, 7]
select on 92106494 : [92106494, 7, 6, 20, 20]
select on 92106495 : [92106495, 18, 5, 2, 13]
select on 92106496 : [92106496, 13, 11, 15, 15]
select on 92106497 : [92106497, 17, 3, 17, 12]
select on 92106498 : [92106498, 13, 9, 15, 4]
select on 92106499 : [92106499, 10, 19, 2, 6]
select on 92106500 : [92106500, 16, 8, 1, 20]
select on 92106501 : [92106501, 9, 18, 6, 10]
select on 92106502 : [92106502, 0, 16, 18, 4]
select on 92106503 : [92106503, 11, 16, 1, 6]
select on 92106504 : [92106504, 6, 14, 12, 9]
select on 92106505 : [92106505, 16, 6, 8, 8]
select on 92106506 : [92106506, 13, 12, 2, 7]
select on 92106507 : [92106507, 3, 17, 0, 8]
select on 92106508 : [92106508, 11, 16, 10, 18]
select on 92106509 : [92106509, 10, 3, 11, 6]
select on 92106510 : [92106510, 15, 5, 9, 13]
select on 92106511 : [92106511, 5, 5, 16, 1]
select on 92106512 : [92106512, 13, 12, 20, 19]
select on 92106513 : [92106513, 7, 13, 16, 18]
select on 92106514 : [92106514, 3, 16, 15, 1]
select on 92106515 : [92106515, 16, 14, 13, 0]
select on 92106516 : [92106516, 18, 3, 14, 5]
select on 92106517 : [92106517, 3, 4, 19, 10]
select on 92106518 : [92106518, 9, 19, 11, 17]
select on 92106519 : [92106519, 3, 11, 16, 3]
select on 92106520 : [92106520, 1, 20, 17, 13]
select on 92106521 : [92106521, 19, 12, 19, 3]
select on 92106522 : [92106522, 7, 3, 14, 6]
select on 92106523 : [92106523, 1, 0, 10, 18]
select on 92106524 : [92106524, 16, 13, 2, 6]
select on 92106525 : [92106525, 19, 5, 14, 13]
select on 92106526 : [92106526, 2, 16, 19, 20]
select on 92106527 : [92106527, 4, 11, 4, 18]
select on 92106528 : [92106528, 15, 7, 10, 10]
select on 92106529 : [92106529, 4, 2, 20, 16]
select on 92106530 : [92106530, 10, 9, 10, 14]
select on 92106531 : [92106531, 13, 20, 15, 18]
select on 92106532 : [92106532, 1, 0, 19, 1]
select on 92106533 : [92106533, 17, 10, 4, 16]
select on 92106534 : [92106534, 4, 17, 11, 13]
select on 92106535 : [92106535, 7, 7, 5, 18]
select on 92106536 : [92106536, 2, 1, 0, 17]
select on 92106537 : [92106537, 15, 17, 10, 10]
select on 92106538 : [92106538, 4, 6, 3, 9]
select on 92106539 : [92106539, 20, 6, 6, 0]
select on 92106540 : [92106540, 7, 11, 16, 20]
select on 92106541 : [92106541, 10, 5, 16, 4]
select on 92106542 : [92106542, 9, 4, 5, 5]
select on 92106543 : [92106543, 14, 9, 5, 3]
select on 92106544 : [92106544, 0, 7, 9, 15]
select on 92106545 : [92106545, 4, 15, 2, 5]
select on 92106546 : [92106546, 17, 11, 8, 10]
select on 92106547 : [92106547, 13, 1, 17, 17]
select on 92106548 : [92106548, 18, 7, 19, 13]
select on 92106549 : [92106549, 13, 2, 6, 8]
select on 92106550 : [92106550, 14, 11, 8, 13]
select on 92106551 : [92106551, 2, 17, 2, 17]
select on 92106552 : [92106552, 7, 18, 6, 7]
select on 92106553 : [92106553, 13, 7, 19, 0]
select on 92106554 : [92106554, 12, 4, 19, 11]
select on 92106555 : [92106555, 1, 4, 4, 10]
select on 92106556 : [92106556, 15, 0, 7, 5]
select on 92106557 : [92106557, 18, 4, 18, 5]
select on 92106558 : [92106558, 9, 8, 15, 6]
select on 92106559 : [92106559, 1, 19, 20, 13]
select on 92106560 : [92106560, 9, 11, 8, 14]
select on 92106561 : [92106561, 8, 3, 0, 4]
select on 92106562 : [92106562, 10, 2, 0, 11]
select on 92106563 : [92106563, 4, 5, 16, 11]
select on 92106564 : [92106564, 9, 18, 2, 0]
select on 92106565 : [92106565, 8, 20, 3, 18]
select on 92106566 : [92106566, 11, 1, 5, 1]
select on 92106567 : [92106567, 5, 11, 20, 20]
select on 92106568 : [92106568, 18, 20, 8, 18]
select on 92106569 : [92106569, 4, 13, 2, 2]
select on 92106570 : [92106570, 3, 12, 6, 8]
select on 92106571 : [92106571, 0, 5, 6, 20]
select on 92106572 : [92106572, 18, 5, 20, 15]
select on 92106573 : [92106573, 5, 19, 3, 19]
select on 92106574 : [92106574, 19, 17, 7, 7]
select on 92106575 : [92106575, 4, 14, 4, 6]
select on 92106576 : [92106576, 7, 13, 10, 3]
select on 92106577 : [92106577, 0, 6, 11, 6]
select on 92106578 : [92106578, 1, 4, 4, 6]
select on 92106579 : [92106579, 11, 2, 15, 16]
select on 92106580 : [92106580, 4, 10, 5, 10]
select on 92106581 : [92106581, 17, 13, 9, 17]
select on 92106582 : [92106582, 8, 17, 9, 8]
select on 92106583 : [92106583, 13, 12, 15, 0]
select on 92106584 : [92106584, 14, 11, 12, 7]
select on 92106585 : [92106585, 2, 1, 5, 20]
select on 92106586 : [92106586, 6, 7, 10, 19]
select on 92106587 : [92106587, 18, 4, 20, 1]
select on 92106588 : [92106588, 6, 11, 5, 5]
select on 92106589 : [92106589, 18, 7, 16, 19]
select on 92106590 : [92106590, 3, 10, 1, 14]
select on 92106591 : [92106591, 11, 17, 7, 18]
select on 92106592 : [92106592, 10, 17, 18, 12]
select on 92106593 : [92106593, 16, 8, 8, 8]
select on 92106594 : [92106594, 12, 10, 11, 0]
select on 92106595 : [92106595, 17, 15, 18, 5]
select on 92106596 : [92106596, 1, 6, 13, 9]
select on 92106597 : [92106597, 11, 14, 12, 13]
select on 92106598 : [92106598, 15, 20, 9, 20]
select on 92106599 : [92106599, 11, 16, 10, 0]
select on 92106600 : [92106600, 13, 17, 1, 11]
select on 92106601 : [92106601, 11, 0, 14, 11]
select on 92106602 : [92106602, 7, 16, 3, 13]
select on 92106603 : [92106603, 8, 13, 10, 11]
select on 92106604 : [92106604, 16, 20, 17, 14]
select on 92106605 : [92106605, 12, 1, 6, 18]
select on 92106606 : [92106606, 19, 14, 7, 11]
select on 92106607 : [92106607, 3, 2, 7, 0]
select on 92106608 : [92106608, 12, 7, 15, 11]
select on 92106609 : [92106609, 13, 20, 11, 3]
select on 92106610 : [92106610, 13, 15, 19, 1]
select on 92106611 : [92106611, 19, 7, 20, 4]
select on 92106612 : [92106612, 14, 4, 20, 12]
select on 92106613 : [92106613, 18, 14, 14, 17]
select on 92106614 : [92106614, 16, 13, 9, 8]
select on 92106615 : [92106615, 0, 3, 14, 7]
select on 92106616 : [92106616, 18, 15, 6, 11]
select on 92106617 : [92106617, 13, 12, 10, 15]
select on 92106618 : [92106618, 20, 7, 3, 14]
select on 92106619 : [92106619, 12, 4, 20, 9]
select on 92106620 : [92106620, 18, 4, 10, 10]
select on 92106621 : [92106621, 18, 9, 8, 0]
select on 92106622 : [92106622, 11, 14, 18, 5]
select on 92106623 : [92106623, 9, 1, 11, 3]
select on 92106624 : [92106624, 0, 18, 7, 17]
select on 92106625 : [92106625, 6, 19, 7, 6]
select on 92106626 : [92106626, 20, 12, 16, 15]
select on 92106627 : [92106627, 11, 4, 15, 13]
select on 92106628 : [92106628, 5, 2, 5, 8]
select on 92106629 : [92106629, 16, 16, 16, 4]
select on 92106630 : [92106630, 12, 4, 12, 15]
select on 92106631 : [92106631, 16, 10, 9, 2]
select on 92106632 : [92106632, 11, 16, 6, 13]
select on 92106633 : [92106633, 6, 7, 3, 6]
select on 92106634 : [92106634, 13, 3, 5, 8]
select on 92106635 : [92106635, 13, 2, 5, 15]
select on 92106636 : [92106636, 6, 18, 17, 1]
select on 92106637 : [92106637, 9, 2, 19, 6]
select on 92106638 : [92106638, 7, 16, 19, 2]
select on 92106639 : [92106639, 7, 19, 1, 13]
select on 92106640 : [92106640, 11, 2, 15, 18]
select on 92106641 : [92106641, 7, 14, 2, 6]
select on 92106642 : [92106642, 15, 16, 2, 16]
select on 92106643 : [92106643, 10, 17, 16, 4]
select on 92106644 : [92106644, 13, 14, 7, 7]
select on 92106645 : [92106645, 5, 0, 3, 17]
select on 92106646 : [92106646, 0, 19, 18, 4]
select on 92106647 : [92106647, 20, 20, 3, 13]
select on 92106648 : [92106648, 15, 3, 13, 19]
select on 92106649 : [92106649, 12, 5, 7, 11]
select on 92106650 : [92106650, 5, 6, 9, 12]
select on 92106651 : [92106651, 17, 4, 18, 2]
select on 92106652 : [92106652, 14, 13, 18, 20]
select on 92106653 : [92106653, 0, 19, 7, 12]
select on 92106654 : [92106654, 1, 11, 4, 20]
select on 92106655 : [92106655, 0, 5, 12, 7]
select on 92106656 : [92106656, 16, 16, 4, 10]
select on 92106657 : [92106657, 8, 12, 6, 14]
select on 92106658 : [92106658, 13, 11, 17, 3]
select on 92106659 : [92106659, 8, 2, 6, 9]
select on 92106660 : [92106660, 10, 5, 3, 4]
select on 92106661 : [92106661, 13, 17, 4, 0]
select on 92106662 : [92106662, 4, 4, 16, 1]
select on 92106663 : [92106663, 0, 14, 14, 17]
select on 92106664 : [92106664, 19, 15, 2, 9]
select on 92106665 : [92106665, 13, 20, 8, 14]
select on 92106666 : [92106666, 14, 1, 14, 18]
select on 92106667 : [92106667, 8, 17, 1, 0]
select on 92106668 : [92106668, 9, 18, 0, 0]
select on 92106669 : [92106669, 16, 8, 4, 9]
select on 92106670 : [92106670, 8, 19, 0, 2]
select on 92106671 : [92106671, 10, 19, 16, 5]
select on 92106672 : [92106672, 7, 16, 16, 16]
select on 92106673 : [92106673, 12, 6, 16, 18]
select on 92106674 : [92106674, 0, 15, 6, 2]
select on 92106675 : [92106675, 10, 15, 13, 7]
select on 92106676 : [92106676, 5, 3, 11, 16]
select on 92106677 : [92106677, 10, 5, 5, 1]
select on 92106678 : [92106678, 14, 7, 5, 5]
select on 92106679 : [92106679, 18, 13, 5, 7]
select on 92106680 : [92106680, 8, 1, 0, 19]
select on 92106681 : [92106681, 17, 2, 20, 18]
select on 92106682 : [92106682, 15, 2, 17, 16]
select on 92106683 : [92106683, 20, 18, 15, 0]
select on 92106684 : [92106684, 12, 16, 14, 6]
select on 92106685 : [92106685, 3, 13, 6, 12]
select on 92106686 : [92106686, 19, 3, 14, 0]
select on 92106687 : [92106687, 20, 12, 2, 4]
select on 92106688 : [92106688, 10, 0, 14, 8]
select on 92106689 : [92106689, 20, 11, 3, 4]
select on 92106690 : [92106690, 11, 20, 18, 15]
select on 92106691 : [92106691, 17, 15, 20, 18]
select on 92106692 : [92106692, 14, 4, 2, 17]
select on 92106693 : [92106693, 6, 6, 13, 11]
select on 92106694 : [92106694, 9, 13, 8, 9]
select on 92106695 : [92106695, 16, 1, 7, 8]
select on 92106696 : [92106696, 5, 20, 14, 0]
select on 92106697 : [92106697, 7, 2, 4, 18]
select on 92106698 : [92106698, 16, 15, 2, 10]
select on 92106699 : [92106699, 20, 8, 5, 5]
select on 92106700 : [92106700, 12, 1, 11, 15]
select on 92106701 : [92106701, 11, 12, 3, 9]
select on 92106702 : [92106702, 12, 4, 0, 9]
select on 92106703 : [92106703, 6, 6, 5, 4]
select on 92106704 : [92106704, 13, 13, 9, 5]
select on 92106705 : [92106705, 2, 19, 3, 4]
select on 92106706 : [92106706, 12, 11, 20, 8]
select on 92106707 : [92106707, 3, 3, 16, 4]
select on 92106708 : [92106708, 6, 14, 10, 2]
select on 92106709 : [92106709, 3, 10, 10, 0]
select on 92106710 : [92106710, 1, 12, 12, 7]
select on 92106711 : [92106711, 19, 9, 20, 12]
select on 92106712 : [92106712, 3, 13, 17, 9]
select on 92106713 : [92106713, 2, 5, 20, 3]
select on 92106714 : [92106714, 2, 6, 3, 12]
select on 92106715 : [92106715, 18, 11, 17, 17]
select on 92106716 : [92106716, 2, 9, 14, 13]
select on 92106717 : [92106717, 13, 8, 7, 8]
select on 92106718 : [92106718, 10, 14, 18, 18]
select on 92106719 : [92106719, 10, 8, 10, 19]
select on 92106720 : [92106720, 13, 12, 3, 7]
select on 92106721 : [92106721, 16, 18, 1, 14]
select on 92106722 : [92106722, 12, 2, 8, 8]
select on 92106723 : [92106723, 7, 13, 9, 10]
select on 92106724 : [92106724, 0, 19, 10, 19]
select on 92106725 : [92106725, 12, 5, 1, 5]
select on 92106726 : [92106726, 18, 0, 10, 20]
select on 92106727 : [92106727, 19, 4, 5, 15]
select on 92106728 : [92106728, 17, 13, 7, 14]
select on 92106729 : [92106729, 6, 6, 17, 19]
select on 92106730 : [92106730, 14, 7, 5, 16]
select on 92106731 : [92106731, 4, 9, 20, 16]
select on 92106732 : [92106732, 18, 14, 12, 8]
select on 92106733 : [92106733, 1, 4, 0, 13]
select on 92106734 : [92106734, 5, 3, 5, 11]
select on 92106735 : [92106735, 8, 16, 6, 15]
select on 92106736 : [92106736, 6, 14, 2, 2]
select on 92106737 : [92106737, 10, 4, 13, 10]
select on 92106738 : [92106738, 3, 9, 0, 1]
select on 92106739 : [92106739, 10, 15, 5, 2]
select on 92106740 : [92106740, 7, 18, 18, 9]
select on 92106741 : [92106741, 8, 0, 19, 16]
select on 92106742 : [92106742, 19, 6, 11, 10]
select on 92106743 : [92106743, 3, 5, 16, 0]
select on 92106744 : [92106744, 4, 1, 15, 9]
select on 92106745 : [92106745, 16, 0, 2, 10]
select on 92106746 : [92106746, 7, 10, 12, 1]
select on 92106747 : [92106747, 12, 1, 19, 2]
select on 92106748 : [92106748, 20, 15, 12, 19]
select on 92106749 : [92106749, 12, 15, 5, 10]
select on 92106750 : [92106750, 4, 5, 5, 17]
select on 92106751 : [92106751, 17, 9, 14, 16]
select on 92106752 : [92106752, 10, 4, 12, 10]
select on 92106753 : [92106753, 5, 20, 10, 15]
select on 92106754 : [92106754, 18, 20, 14, 6]
select on 92106755 : [92106755, 14, 8, 10, 13]
select on 92106756 : [92106756, 2, 17, 13, 18]
select on 92106757 : [92106757, 2, 7, 4, 5]
select on 92106758 : [92106758, 7, 9, 12, 20]
select on 92106759 : [92106759, 4, 2, 3, 17]
select on 92106760 : [92106760, 11, 5, 10, 10]
select on 92106761 : [92106761, 19, 2, 14, 3]
select on 92106762 : [92106762, 20, 15, 4, 3]
select on 92106763 : [92106763, 7, 8, 13, 11]
select on 92106764 : [92106764, 3, 0, 10, 17]
select on 92106765 : [92106765, 2, 19, 6, 5]
select on 92106766 : [92106766, 10, 8, 14, 8]
select on 92106767 : [92106767, 16, 4, 10, 19]
select on 92106768 : [92106768, 17, 15, 8, 19]
select on 92106769 : [92106769, 20, 8, 0, 16]
select on 92106770 : [92106770, 8, 9, 16, 2]
select on 92106771 : [92106771, 19, 3, 12, 8]
select on 92106772 : [92106772, 4, 2, 8, 12]
select on 92106773 : [92106773, 1, 6, 13, 5]
select on 92106774 : [92106774, 6, 8, 2, 12]
select on 92106775 : [92106775, 20, 11, 5, 6]
select on 92106776 : [92106776, 15, 1, 19, 19]
select on 92106777 : [92106777, 20, 16, 7, 6]
select on 92106778 : [92106778, 4, 7, 5, 12]
select on 92106779 : [92106779, 11, 20, 7, 8]
select on 92106780 : [92106780, 17, 14, 14, 9]
select on 92106781 : [92106781, 15, 16, 0, 8]
select on 92106782 : [92106782, 1, 0, 11, 16]
select on 92106783 : [92106783, 9, 0, 10, 20]
select on 92106784 : [92106784, 20, 4, 17, 10]
select on 92106785 : [92106785, 5, 18, 4, 11]
select on 92106786 : [92106786, 3, 14, 17, 11]
select on 92106787 : [92106787, 14, 15, 15, 14]
select on 92106788 : [92106788, 14, 20, 6, 20]
select on 92106789 : [92106789, 1, 1, 16, 18]
select on 92106790 : [92106790, 7, 11, 17, 14]
select on 92106791 : [92106791, 4, 0, 9, 2]
select on 92106792 : [92106792, 18, 18, 13, 20]
select on 92106793 : [92106793, 14, 1, 20, 8]
select on 92106794 : [92106794, 10, 12, 4, 11]
select on 92106795 : [92106795, 5, 18, 20, 9]
select on 92106796 : [92106796, 16, 17, 9, 3]
select on 92106797 : [92106797, 20, 4, 6, 16]
select on 92106798 : [92106798, 8, 4, 12, 15]
select on 92106799 : [92106799, 10, 6, 12, 10]
select on 92106800 : [92106800, 8, 6, 2, 10]
select on 92106801 : [92106801, 12, 16, 16, 3]
select on 92106802 : [92106802, 1, 13, 8, 16]
select on 92106803 : [92106803, 20, 12, 5, 12]
select on 92106804 : [92106804, 2, 13, 19, 18]
select on 92106805 : [92106805, 7, 11, 19, 2]
select on 92106806 : [92106806, 2, 2, 4, 5]
select on 92106807 : [92106807, 11, 1, 17, 15]
select on 92106808 : [92106808, 10, 17, 8, 20]
select on 92106809 : [92106809, 15, 3, 1, 18]
select on 92106810 : [92106810, 15, 13, 9, 6]
select on 92106811 : [92106811, 17, 15, 14, 12]
select on 92106812 : [92106812, 19, 20, 17, 13]
select on 92106813 : [92106813, 7, 16, 1, 19]
select on 92106814 : [92106814, 11, 17, 2, 13]
select on 92106815 : [92106815, 7, 19, 0, 10]
select on 92106816 : [92106816, 14, 7, 13, 8]
select on 92106817 : [92106817, 3, 18, 0, 7]
select on 92106818 : [92106818, 14, 6, 11, 11]
select on 92106819 : [92106819, 9, 1, 12, 0]
select on 92106820 : [92106820, 8, 3, 20, 6]
select on 92106821 : [92106821, 20, 3, 10, 9]
select on 92106822 : [92106822, 0, 16, 14, 7]
select on 92106823 : [92106823, 10, 0, 17, 19]
select on 92106824 : [92106824, 16, 18, 16, 3]
select on 92106825 : [92106825, 15, 6, 11, 12]
select on 92106826 : [92106826, 14, 8, 18, 14]
select on 92106827 : [92106827, 9, 20, 5, 0]
select on 92106828 : [92106828, 9, 17, 13, 5]
select on 92106829 : [92106829, 5, 13, 9, 3]
select on 92106830 : [92106830, 18, 16, 0, 9]
select on 92106831 : [92106831, 6, 4, 17, 10]
select on 92106832 : [92106832, 18, 5, 5, 7]
select on 92106833 : [92106833, 13, 2, 16, 9]
select on 92106834 : [92106834, 16, 11, 18, 17]
select on 92106835 : [92106835, 19, 0, 6, 6]
select on 92106836 : [92106836, 5, 19, 10, 18]
select on 92106837 : [92106837, 9, 13, 9, 6]
select on 92106838 : [92106838, 0, 5, 10, 16]
select on 92106839 : [92106839, 7, 1, 14, 17]
select on 92106840 : [92106840, 4, 10, 2, 9]
select on 92106841 : [92106841, 18, 1, 10, 15]
select on 92106842 : [92106842, 5, 20, 15, 8]
select on 92106843 : [92106843, 17, 6, 16, 6]
select on 92106844 : [92106844, 12, 10, 9, 2]
select on 92106845 : [92106845, 11, 11, 0, 19]
select on 92106846 : [92106846, 11, 12, 5, 10]
select on 92106847 : [92106847, 3, 4, 1, 13]
select on 92106848 : [92106848, 7, 6, 18, 4]
select on 92106849 : [92106849, 10, 14, 10, 3]
select on 92106850 : [92106850, 19, 20, 17, 9]
select on 92106851 : [92106851, 3, 6, 6, 1]
select on 92106852 : [92106852, 1, 10, 17, 10]
select on 92106853 : [92106853, 13, 11, 16, 2]
select on 92106854 : [92106854, 7, 20, 11, 6]
select on 92106855 : [92106855, 2, 12, 2, 2]
select on 92106856 : [92106856, 20, 0, 3, 10]
select on 92106857 : [92106857, 12, 17, 10, 9]
select on 92106858 : [92106858, 2, 4, 7, 8]
select on 92106859 : [92106859, 3, 6, 16, 4]
select on 92106860 : [92106860, 0, 12, 16, 0]
select on 92106861 : [92106861, 3, 6, 9, 4]
select on 92106862 : [92106862, 16, 2, 15, 4]
select on 92106863 : [92106863, 7, 20, 10, 11]
select on 92106864 : [92106864, 10, 14, 14, 19]
select on 92106865 : [92106865, 12, 0, 18, 13]
select on 92106866 : [92106866, 12, 14, 2, 6]
select on 92106867 : [92106867, 19, 1, 13, 18]
select on 92106868 : [92106868, 9, 9, 18, 12]
select on 92106869 : [92106869, 16, 1, 13, 4]
select on 92106870 : [92106870, 2, 10, 20, 5]
select on 92106871 : [92106871, 11, 17, 14, 2]
select on 92106872 : [92106872, 12, 12, 15, 19]
select on 92106873 : [92106873, 5, 16, 16, 5]
select on 92106874 : [92106874, 13, 1, 5, 2]
select on 92106875 : [92106875, 4, 8, 17, 9]
select on 92106876 : [92106876, 9, 16, 12, 6]
select on 92106877 : [92106877, 15, 4, 7, 15]
select on 92106878 : [92106878, 6, 13, 3, 1]
select on 92106879 : [92106879, 20, 1, 2, 19]
select on 92106880 : [92106880, 19, 0, 9, 10]
select on 92106881 : [92106881, 13, 1, 19, 5]
select on 92106882 : [92106882, 3, 1, 3, 8]
select on 92106883 : [92106883, 8, 20, 6, 13]
select on 92106884 : [92106884, 8, 8, 8, 19]
select on 92106885 : [92106885, 1, 9, 15, 17]
select on 92106886 : [92106886, 16, 7, 12, 14]
select on 92106887 : [92106887, 11, 15, 12, 2]
select on 92106888 : [92106888, 5, 20, 9, 12]
select on 92106889 : [92106889, 17, 0, 17, 5]
select on 92106890 : [92106890, 20, 1, 17, 3]
select on 92106891 : [92106891, 1, 2, 9, 16]
select on 92106892 : [92106892, 17, 0, 10, 15]
select on 92106893 : [92106893, 12, 20, 12, 19]
select on 92106894 : [92106894, 19, 20, 20, 9]
select on 92106895 : [92106895, 3, 8, 10, 12]
select on 92106896 : [92106896, 20, 12, 1, 0]
select on 92106897 : [92106897, 4, 7, 7, 11]
select on 92106898 : [92106898, 1, 19, 8, 1]
select on 92106899 : [92106899, 15, 9, 3, 18]
select on 92106900 : [92106900, 17, 6, 18, 17]
select on 92106901 : [92106901, 1, 1, 12, 17]
select on 92106902 : [92106902, 10, 12, 10, 15]
select on 92106903 : [92106903, 20, 8, 12, 10]
select on 92106904 : [92106904, 1, 16, 9, 16]
select on 92106905 : [92106905, 10, 19, 4, 10]
select on 92106906 : [92106906, 7, 8, 14, 10]
select on 92106907 : [92106907, 7, 6, 5, 19]
select on 92106908 : [92106908, 11, 10, 1, 6]
select on 92106909 : [92106909, 16, 1, 12, 4]
select on 92106910 : [92106910, 11, 9, 5, 19]
select on 92106911 : [92106911, 0, 10, 15, 7]
select on 92106912 : [92106912, 8, 12, 15, 5]
select on 92106913 : [92106913, 17, 10, 4, 8]
select on 92106914 : [92106914, 14, 3, 6, 9]
select on 92106915 : [92106915, 20, 3, 17, 9]
select on 92106916 : [92106916, 2, 4, 16, 0]
select on 92106917 : [92106917, 6, 1, 18, 2]
select on 92106918 : [92106918, 2, 20, 17, 1]
select on 92106919 : [92106919, 3, 13, 16, 15]
select on 92106920 : [92106920, 15, 3, 3, 2]
select on 92106921 : [92106921, 12, 11, 2, 6]
select on 92106922 : [92106922, 19, 11, 3, 8]
select on 92106923 : [92106923, 6, 5, 4, 1]
select on 92106924 : [92106924, 10, 6, 19, 18]
select on 92106925 : [92106925, 9, 15, 11, 11]
select on 92106926 : [92106926, 18, 9, 16, 6]
select on 92106927 : [92106927, 18, 2, 20, 13]
select on 92106928 : [92106928, 13, 5, 2, 2]
select on 92106929 : [92106929, 16, 8, 15, 15]
select on 92106930 : [92106930, 14, 7, 1, 9]
select on 92106931 : [92106931, 13, 14, 5, 7]
select on 92106932 : [92106932, 9, 18, 20, 10]
select on 92106933 : [92106933, 17, 5, 13, 18]
select on 92106934 : [92106934, 19, 12, 11, 14]
select on 92106935 : [92106935, 15, 13, 5, 19]
select on 92106936 : [92106936, 6, 5, 12, 20]
select on 92106937 : [92106937, 3, 20, 4, 19]
select on 92106938 : [92106938, 10, 12, 20, 12]
select on 92106939 : [92106939, 8, 16, 2, 8]
select on 92106940 : [92106940, 0, 4, 7, 19]
select on 92106941 : [92106941, 20, 8, 1, 9]
select on 92106942 : [92106942, 12, 9, 2, 19]
select on 92106943 : [92106943, 9, 12, 7, 3]
select on 92106944 : [92106944, 5, 13, 2, 18]
select on 92106945 : [92106945, 2, 15, 15, 6]
select on 92106946 : [92106946, 8, 4, 10, 4]
select on 92106947 : [92106947, 8, 5, 7, 12]
select on 92106948 : [92106948, 18, 4, 18, 19]
select on 92106949 : [92106949, 12, 17, 6, 12]
select on 92106950 : [92106950, 18, 11, 3, 16]
select on 92106951 : [92106951, 10, 14, 5, 5]
select on 92106952 : [92106952, 18, 17, 14, 20]
select on 92106953 : [92106953, 5, 3, 2, 8]
select on 92106954 : [92106954, 19, 7, 5, 18]
select on 92106955 : [92106955, 16, 19, 10, 14]
select on 92106956 : [92106956, 15, 9, 16, 10]
select on 92106957 : [92106957, 17, 10, 10, 5]
select on 92106958 : [92106958, 11, 8, 11, 5]
select on 92106959 : [92106959, 6, 12, 1, 13]
select on 92106960 : [92106960, 14, 20, 20, 8]
select on 92106961 : [92106961, 8, 15, 18, 13]
select on 92106962 : [92106962, 13, 10, 13, 2]
select on 92106963 : [92106963, 17, 7, 20, 10]
select on 92106964 : [92106964, 7, 12, 15, 13]
select on 92106965 : [92106965, 10, 10, 14, 6]
select on 92106966 : [92106966, 10, 11, 6, 2]
select on 92106967 : [92106967, 13, 9, 14, 12]
select on 92106968 : [92106968, 14, 5, 17, 17]
select on 92106969 : [92106969, 6, 14, 7, 17]
select on 92106970 : [92106970, 13, 14, 1, 2]
select on 92106971 : [92106971, 6, 14, 20, 16]
select on 92106972 : [92106972, 18, 10, 4, 14]
select on 92106973 : [92106973, 10, 16, 7, 7]
select on 92106974 : [92106974, 17, 20, 12, 9]
select on 92106975 : [92106975, 3, 20, 16, 2]
select on 92106976 : [92106976, 7, 12, 20, 15]
select on 92106977 : [92106977, 13, 7, 1, 13]
select on 92106978 : [92106978, 6, 16, 4, 1]
select on 92106979 : [92106979, 19, 9, 10, 4]
select on 92106980 : [92106980, 6, 6, 16, 16]
select on 92106981 : [92106981, 12, 13, 19, 7]
select on 92106982 : [92106982, 1, 16, 7, 11]
select on 92106983 : [92106983, 3, 19, 17, 7]
select on 92106984 : [92106984, 12, 14, 20, 3]
select on 92106985 : [92106985, 2, 17, 7, 15]
select on 92106986 : [92106986, 7, 20, 10, 11]
select on 92106987 : [92106987, 15, 20, 6, 18]
select on 92106988 : [92106988, 7, 4, 3, 9]
select on 92106989 : [92106989, 11, 16, 0, 11]
select on 92106990 : [92106990, 4, 4, 11, 7]
select on 92106991 : [92106991, 1, 14, 11, 2]
select on 92106992 : [92106992, 0, 0, 17, 16]
select on 92106993 : [92106993, 10, 13, 20, 10]
select on 92106994 : [92106994, 15, 3, 5, 17]
select on 92106995 : [92106995, 6, 1, 5, 7]
select on 92106996 : [92106996, 5, 19, 20, 1]
select on 92106997 : [92106997, 8, 4, 7, 11]
select on 92106998 : [92106998, 8, 7, 5, 6]
select on 92106999 : [92106999, 6, 8, 10, 18]
select on 92107000 : [92107000, 17, 3, 11, 17]
select on 92107001 : [92107001, 4, 3, 12, 4]
select on 92107002 : [92107002, 12, 20, 16, 10]
select on 92107003 : [92107003, 9, 7, 18, 9]
select on 92107004 : [92107004, 16, 8, 17, 0]
select on 92107005 : [92107005, 1, 15, 2, 7]
select on 92107006 : [92107006, 18, 10, 9, 16]
select on 92107007 : [92107007, 10, 4, 3, 1]
select on 92107008 : [92107008, 9, 13, 8, 10]
select on 92107009 : [92107009, 12, 9, 18, 11]
select on 92107010 : [92107010, 19, 8, 5, 13]
select on 92107011 : [92107011, 9, 20, 1, 5]
select on 92107012 : [92107012, 6, 13, 13, 4]
select on 92107013 : [92107013, 4, 13, 20, 12]
select on 92107014 : [92107014, 1, 5, 10, 17]
select on 92107015 : [92107015, 7, 14, 2, 16]
select on 92107016 : [92107016, 2, 2, 7, 4]
select on 92107017 : [92107017, 7, 8, 2, 5]
select on 92107018 : [92107018, 1, 15, 6, 19]
select on 92107019 : [92107019, 7, 9, 1, 12]
select on 92107020 : [92107020, 8, 13, 18, 19]
select on 92107021 : [92107021, 11, 17, 17, 12]
select on 92107022 : [92107022, 11, 2, 19, 16]
select on 92107023 : [92107023, 4, 8, 4, 15]
select on 92107024 : [92107024, 12, 13, 10, 4]
select on 92107025 : [92107025, 3, 15, 6, 3]
select on 92107026 : [92107026, 12, 1, 8, 16]
select on 92107027 : [92107027, 14, 9, 18, 10]
select on 92107028 : [92107028, 18, 8, 0, 1]
select on 92107029 : [92107029, 4, 10, 15, 14]
select on 92107030 : [92107030, 12, 14, 10, 10]
select on 92107031 : [92107031, 0, 6, 9, 15]
select on 92107032 : [92107032, 1, 9, 17, 0]
select on 92107033 : [92107033, 16, 1, 14, 6]
select on 92107034 : [92107034, 10, 6, 6, 13]
select on 92107035 : [92107035, 18, 8, 14, 9]
select on 92107036 : [92107036, 2, 5, 1, 15]
select on 92107037 : [92107037, 17, 10, 5, 13]
select on 92107038 : [92107038, 7, 15, 6, 18]
select on 92107039 : [92107039, 6, 2, 15, 15]
select on 92107040 : [92107040, 13, 14, 1, 2]
select on 92107041 : [92107041, 15, 14, 11, 16]
select on 92107042 : [92107042, 2, 2, 15, 15]
select on 92107043 : [92107043, 1, 12, 4, 14]
select on 92107044 : [92107044, 11, 15, 0, 18]
select on 92107045 : [92107045, 20, 16, 7, 20]
select on 92107046 : [92107046, 12, 15, 7, 10]
select on 92107047 : [92107047, 4, 12, 12, 18]
select on 92107048 : [92107048, 2, 15, 17, 7]
select on 92107049 : [92107049, 14, 16, 14, 8]
select on 92107050 : [92107050, 19, 12, 1, 1]
select on 92107051 : [92107051, 11, 9, 5, 17]
select on 92107052 : [92107052, 7, 20, 15, 1]
select on 92107053 : [92107053, 12, 6, 15, 3]
select on 92107054 : [92107054, 4, 2, 5, 9]
select on 92107055 : [92107055, 8, 19, 8, 11]
select on 92107056 : [92107056, 3, 1, 18, 2]
select on 92107057 : [92107057, 20, 7, 2, 13]
select on 92107058 : [92107058, 11, 4, 17, 12]
select on 92107059 : [92107059, 20, 11, 15, 18]
select on 92107060 : [92107060, 12, 18, 20, 5]
select on 92107061 : [92107061, 8, 20, 7, 16]
select on 92107062 : [92107062, 17, 11, 11, 11]
select on 92107063 : [92107063, 0, 19, 10, 2]
select on 92107064 : [92107064, 2, 6, 8, 5]
select on 92107065 : [92107065, 15, 17, 0, 12]
select on 92107066 : [92107066, 0, 16, 11, 1]
select on 92107067 : [92107067, 3, 20, 16, 1]
select on 92107068 : [92107068, 6, 9, 8, 2]
select on 92107069 : [92107069, 16, 15, 3, 20]
select on 92107070 : [92107070, 6, 20, 1, 19]
select on 92107071 : [92107071, 4, 1, 13, 14]
select on 92107072 : [92107072, 7, 16, 18, 5]
select on 92107073 : [92107073, 4, 18, 5, 7]
select on 92107074 : [92107074, 19, 4, 1, 8]
select on 92107075 : [92107075, 5, 4, 20, 9]
select on 92107076 : [92107076, 11, 15, 8, 5]
select on 92107077 : [92107077, 0, 8, 4, 2]
select on 92107078 : [92107078, 6, 9, 15, 19]
select on 92107079 : [92107079, 15, 19, 0, 18]
select on 92107080 : [92107080, 5, 16, 9, 9]
select on 92107081 : [92107081, 3, 2, 18, 17]
select on 92107082 : [92107082, 15, 13, 7, 0]
select on 92107083 : [92107083, 19, 10, 20, 7]
select on 92107084 : [92107084, 4, 3, 7, 5]
select on 92107085 : [92107085, 3, 5, 17, 16]
select on 92107086 : [92107086, 10, 6, 14, 17]
select on 92107087 : [92107087, 11, 13, 20, 15]
select on 92107088 : [92107088, 17, 15, 13, 0]
select on 92107089 : [92107089, 19, 17, 14, 1]
select on 92107090 : [92107090, 3, 18, 13, 19]
select on 92107091 : [92107091, 3, 9, 12, 18]
select on 92107092 : [92107092, 1, 13, 10, 11]
select on 92107093 : [92107093, 10, 6, 20, 12]
select on 92107094 : [92107094, 14, 12, 8, 18]
select on 92107095 : [92107095, 1, 14, 17, 4]
select on 92107096 : [92107096, 3, 4, 12, 13]
select on 92107097 : [92107097, 3, 1, 3, 2]
select on 92107098 : [92107098, 19, 10, 7, 18]
select on 92107099 : [92107099, 16, 9, 13, 8]
select on 92107100 : [92107100, 4, 15, 9, 4]
select on 92107101 : [92107101, 18, 3, 14, 4]
select on 92107102 : [92107102, 3, 12, 8, 11]
select on 92107103 : [92107103, 11, 4, 0, 10]
select on 92107104 : [92107104, 17, 6, 15, 4]
select on 92107105 : [92107105, 1, 17, 0, 15]
select on 92107106 : [92107106, 17, 9, 2, 9]
select on 92107107 : [92107107, 1, 13, 4, 14]
select on 92107108 : [92107108, 18, 1, 0, 16]
select on 92107109 : [92107109, 4, 5, 1, 0]
select on 92107110 : [92107110, 3, 14, 2, 7]
select on 92107111 : [92107111, 20, 6, 13, 17]
select on 92107112 : [92107112, 6, 20, 10, 12]
select on 92107113 : [92107113, 1, 14, 1, 18]
select on 92107114 : [92107114, 19, 12, 6, 11]
select on 92107115 : [92107115, 6, 6, 18, 14]
select on 92107116 : [92107116, 19, 6, 10, 12]
select on 92107117 : [92107117, 4, 4, 0, 15]
select on 92107118 : [92107118, 9, 4, 8, 16]
select on 92107119 : [92107119, 11, 13, 5, 0]
select on 92107120 : [92107120, 9, 15, 1, 17]
select on 92107121 : [92107121, 7, 18, 3, 9]
select on 92107122 : [92107122, 4, 18, 6, 17]
select on 92107123 : [92107123, 9, 7, 6, 14]
select on 92107124 : [92107124, 19, 10, 4, 19]
select on 92107125 : [92107125, 11, 19, 7, 16]
select on 92107126 : [92107126, 15, 4, 4, 9]
select on 92107127 : [92107127, 20, 16, 18, 7]
select on 92107128 : [92107128, 0, 9, 3, 19]
select on 92107129 : [92107129, 6, 12, 15, 8]
select on 92107130 : [92107130, 14, 13, 20, 0]
select on 92107131 : [92107131, 6, 3, 4, 3]
select on 92107132 : [92107132, 2, 5, 12, 18]
select on 92107133 : [92107133, 17, 12, 6, 11]
select on 92107134 : [92107134, 16, 4, 7, 16]
select on 92107135 : [92107135, 6, 5, 18, 16]
select on 92107136 : [92107136, 4, 19, 15, 10]
select on 92107137 : [92107137, 8, 0, 17, 17]
select on 92107138 : [92107138, 14, 11, 8, 12]
select on 92107139 : [92107139, 0, 12, 19, 11]
select on 92107140 : [92107140, 18, 17, 5, 20]
select on 92107141 : [92107141, 9, 17, 15, 6]
select on 92107142 : [92107142, 17, 17, 12, 14]
select on 92107143 : [92107143, 7, 14, 20, 13]
select on 92107144 : [92107144, 5, 9, 20, 6]
select on 92107145 : [92107145, 13, 16, 15, 19]
select on 92107146 : [92107146, 10, 8, 8, 1]
select on 92107147 : [92107147, 9, 20, 3, 0]
select on 92107148 : [92107148, 17, 8, 20, 5]
select on 92107149 : [92107149, 7, 10, 8, 0]
select on 92107150 : [92107150, 13, 12, 10, 19]
select on 92107151 : [92107151, 8, 16, 1, 17]
select on 92107152 : [92107152, 15, 5, 10, 0]
select on 92107153 : [92107153, 1, 2, 15, 2]
select on 92107154 : [92107154, 5, 17, 6, 7]
select on 92107155 : [92107155, 18, 14, 14, 18]
select on 92107156 : [92107156, 20, 3, 6, 11]
select on 92107157 : [92107157, 16, 1, 6, 7]
select on 92107158 : [92107158, 15, 20, 17, 6]
select on 92107159 : [92107159, 17, 16, 13, 4]
select on 92107160 : [92107160, 4, 11, 6, 3]
select on 92107161 : [92107161, 17, 10, 20, 15]
select on 92107162 : [92107162, 2, 10, 3, 3]
select on 92107163 : [92107163, 6, 14, 18, 13]
select on 92107164 : [92107164, 17, 12, 20, 12]
select on 92107165 : [92107165, 20, 4, 10, 16]
select on 92107166 : [92107166, 9, 4, 7, 16]
select on 92107167 : [92107167, 1, 8, 17, 3]
select on 92107168 : [92107168, 3, 14, 19, 16]
select on 92107169 : [92107169, 11, 19, 20, 18]
select on 92107170 : [92107170, 12, 20, 20, 20]
select on 92107171 : [92107171, 15, 18, 19, 16]
select on 92107172 : [92107172, 6, 11, 16, 1]
select on 92107173 : [92107173, 17, 6, 16, 1]
select on 92107174 : [92107174, 13, 8, 0, 5]
select on 92107175 : [92107175, 16, 3, 2, 19]
select on 92107176 : [92107176, 15, 2, 18, 2]
select on 92107177 : [92107177, 19, 13, 8, 4]
select on 92107178 : [92107178, 1, 19, 0, 1]
select on 92107179 : [92107179, 3, 9, 7, 3]
select on 92107180 : [92107180, 16, 11, 11, 6]
select on 92107181 : [92107181, 5, 6, 10, 4]
select on 92107182 : [92107182, 3, 13, 19, 19]
select on 92107183 : [92107183, 13, 3, 8, 2]
select on 92107184 : [92107184, 12, 8, 2, 7]
select on 92107185 : [92107185, 6, 15, 18, 6]
select on 92107186 : [92107186, 12, 10, 10, 17]
select on 92107187 : [92107187, 4, 5, 11, 16]
select on 92107188 : [92107188, 18, 15, 20, 5]
select on 92107189 : [92107189, 4, 2, 9, 20]
select on 92107190 : [92107190, 15, 2, 5, 8]
select on 92107191 : [92107191, 12, 13, 18, 14]
select on 92107192 : [92107192, 7, 18, 15, 1]
select on 92107193 : [92107193, 18, 10, 11, 20]
select on 92107194 : [92107194, 1, 0, 19, 15]
select on 92107195 : [92107195, 9, 15, 18, 18]
select on 92107196 : [92107196, 6, 2, 1, 13]
select on 92107197 : [92107197, 8, 1, 0, 17]
select on 92107198 : [92107198, 14, 8, 6, 0]
select on 92107199 : [92107199, 20, 20, 0, 11]
select on 92107200 : [92107200, 4, 14, 13, 8]
select on 92107201 : [92107201, 18, 12, 7, 6]
select on 92107202 : [92107202, 5, 2, 6, 10]
select on 92107203 : [92107203, 6, 6, 12, 3]
select on 92107204 : [92107204, 11, 10, 16, 0]
select on 92107205 : [92107205, 15, 5, 17, 4]
select on 92107206 : [92107206, 13, 2, 1, 7]
select on 92107207 : [92107207, 11, 19, 19, 13]
select on 92107208 : [92107208, 12, 19, 0, 20]
select on 92107209 : [92107209, 4, 16, 5, 18]
select on 92107210 : [92107210, 9, 16, 8, 8]
select on 92107211 : [92107211, 14, 2, 1, 17]
select on 92107212 : [92107212, 5, 5, 0, 1]
select on 92107213 : [92107213, 16, 2, 17, 12]
select on 92107214 : [92107214, 17, 17, 11, 0]
select on 92107215 : [92107215, 14, 19, 2, 17]
select on 92107216 : [92107216, 20, 1, 5, 7]
select on 92107217 : [92107217, 18, 8, 4, 18]
select on 92107218 : [92107218, 3, 7, 7, 3]
select on 92107219 : [92107219, 0, 6, 16, 9]
select on 92107220 : [92107220, 8, 12, 1, 3]
select on 92107221 : [92107221, 0, 13, 14, 8]
select on 92107222 : [92107222, 0, 1, 9, 0]
select on 92107223 : [92107223, 16, 13, 20, 18]
select on 92107224 : [92107224, 14, 8, 17, 9]
select on 92107225 : [92107225, 13, 1, 9, 15]
select on 92107226 : [92107226, 18, 0, 7, 0]
select on 92107227 : [92107227, 16, 7, 16, 10]
select on 92107228 : [92107228, 6, 18, 9, 11]
select on 92107229 : [92107229, 6, 2, 2, 13]
select on 92107230 : [92107230, 18, 14, 15, 15]
select on 92107231 : [92107231, 15, 7, 7, 17]
select on 92107232 : [92107232, 11, 5, 2, 6]
select on 92107233 : [92107233, 12, 15, 15, 16]
select on 92107234 : [92107234, 10, 18, 19, 14]
select on 92107235 : [92107235, 20, 14, 10, 18]
select on 92107236 : [92107236, 4, 20, 20, 2]
select on 92107237 : [92107237, 13, 0, 12, 5]
select on 92107238 : [92107238, 9, 17, 14, 2]
select on 92107239 : [92107239, 0, 4, 7, 16]
select on 92107240 : [92107240, 9, 17, 20, 12]
select on 92107241 : [92107241, 8, 16, 20, 19]
select on 92107242 : [92107242, 2, 8, 0, 12]
select on 92107243 : [92107243, 11, 4, 14, 3]
select on 92107244 : [92107244, 17, 10, 2, 1]
select on 92107245 : [92107245, 13, 19, 1, 1]
select on 92107246 : [92107246, 17, 5, 3, 8]
select on 92107247 : [92107247, 17, 10, 20, 0]
select on 92107248 : [92107248, 19, 16, 4, 15]
select on 92107249 : [92107249, 2, 15, 19, 12]
select on 92107250 : [92107250, 2, 5, 1, 10]
select on 92107251 : [92107251, 10, 5, 19, 13]
select on 92107252 : [92107252, 14, 4, 15, 17]
select on 92107253 : [92107253, 8, 18, 1, 1]
select on 92107254 : [92107254, 9, 2, 6, 8]
select on 92107255 : [92107255, 15, 6, 18, 17]
select on 92107256 : [92107256, 4, 17, 4, 17]
select on 92107257 : [92107257, 6, 5, 3, 17]
select on 92107258 : [92107258, 14, 11, 11, 14]
select on 92107259 : [92107259, 14, 0, 13, 4]
select on 92107260 : [92107260, 8, 15, 1, 1]
select on 92107261 : [92107261, 11, 1, 20, 19]
select on 92107262 : [92107262, 16, 9, 6, 14]
select on 92107263 : [92107263, 9, 12, 3, 5]
select on 92107264 : [92107264, 12, 3, 10, 14]
select on 92107265 : [92107265, 3, 6, 19, 13]
select on 92107266 : [92107266, 5, 6, 5, 4]
select on 92107267 : [92107267, 5, 15, 2, 18]
select on 92107268 : [92107268, 10, 12, 6, 11]
select on 92107269 : [92107269, 2, 13, 20, 15]
select on 92107270 : [92107270, 20, 5, 13, 3]
select on 92107271 : [92107271, 1, 11, 16, 3]
select on 92107272 : [92107272, 1, 19, 19, 2]
select on 92107273 : [92107273, 11, 16, 20, 8]
select on 92107274 : [92107274, 18, 3, 12, 6]
select on 92107275 : [92107275, 16, 18, 0, 0]
select on 92107276 : [92107276, 13, 5, 16, 14]
select on 92107277 : [92107277, 20, 11, 3, 15]
select on 92107278 : [92107278, 7, 11, 19, 1]
select on 92107279 : [92107279, 20, 3, 4, 0]
select on 92107280 : [92107280, 6, 17, 6, 14]
select on 92107281 : [92107281, 16, 10, 16, 12]
select on 92107282 : [92107282, 18, 18, 1, 3]
select on 92107283 : [92107283, 18, 9, 0, 17]
select on 92107284 : [92107284, 20, 3, 19, 12]
select on 92107285 : [92107285, 4, 6, 13, 4]
select on 92107286 : [92107286, 5, 11, 17, 7]
select on 92107287 : [92107287, 2, 13, 6, 5]
select on 92107288 : [92107288, 0, 13, 12, 8]
select on 92107289 : [92107289, 11, 2, 2, 20]
select on 92107290 : [92107290, 18, 20, 14, 2]
select on 92107291 : [92107291, 16, 11, 14, 0]
select on 92107292 : [92107292, 13, 10, 13, 10]
select on 92107293 : [92107293, 13, 6, 10, 17]
select on 92107294 : [92107294, 1, 11, 19, 19]
select on 92107295 : [92107295, 19, 8, 6, 1]
select on 92107296 : [92107296, 8, 6, 20, 11]
select on 92107297 : [92107297, 14, 8, 20, 16]
select on 92107298 : [92107298, 18, 7, 1, 18]
select on 92107299 : [92107299, 3, 5, 19, 17]
select on 92107300 : [92107300, 13, 20, 4, 20]
select on 92107301 : [92107301, 19, 1, 4, 20]
select on 92107302 : [92107302, 20, 5, 13, 20]
select on 92107303 : [92107303, 7, 17, 17, 12]
select on 92107304 : [92107304, 10, 17, 5, 11]
select on 92107305 : [92107305, 18, 8, 16, 0]
select on 92107306 : [92107306, 7, 16, 19, 11]
select on 92107307 : [92107307, 0, 19, 18, 9]
select on 92107308 : [92107308, 15, 14, 18, 19]
select on 92107309 : [92107309, 7, 8, 7, 10]
select on 92107310 : [92107310, 17, 9, 8, 0]
select on 92107311 : [92107311, 2, 15, 2, 20]
select on 92107312 : [92107312, 15, 6, 16, 13]
select on 92107313 : [92107313, 3, 4, 4, 15]
select on 92107314 : [92107314, 4, 0, 15, 15]
select on 92107315 : [92107315, 1, 1, 6, 19]
select on 92107316 : [92107316, 6, 14, 11, 15]
select on 92107317 : [92107317, 19, 9, 13, 20]
select on 92107318 : [92107318, 1, 6, 0, 1]
select on 92107319 : [92107319, 13, 2, 1, 13]
select on 92107320 : [92107320, 10, 3, 7, 15]
select on 92107321 : [92107321, 9, 12, 13, 10]
select on 92107322 : [92107322, 15, 16, 12, 8]
select on 92107323 : [92107323, 1, 20, 18, 19]
select on 92107324 : [92107324, 5, 5, 2, 9]
select on 92107325 : [92107325, 18, 17, 12, 2]
select on 92107326 : [92107326, 15, 0, 4, 4]
select on 92107327 : [92107327, 3, 0, 6, 11]
select on 92107328 : [92107328, 6, 9, 19, 5]
select on 92107329 : [92107329, 2, 9, 12, 0]
select on 92107330 : [92107330, 8, 7, 6, 8]
select on 92107331 : [92107331, 12, 11, 12, 7]
select on 92107332 : [92107332, 15, 17, 20, 8]
select on 92107333 : [92107333, 5, 2, 16, 2]
select on 92107334 : [92107334, 9, 10, 15, 18]
select on 92107335 : [92107335, 17, 12, 6, 2]
select on 92107336 : [92107336, 2, 3, 11, 10]
select on 92107337 : [92107337, 17, 2, 13, 5]
select on 92107338 : [92107338, 4, 3, 19, 3]
select on 92107339 : [92107339, 18, 2, 0, 1]
select on 92107340 : [92107340, 11, 6, 7, 12]
select on 92107341 : [92107341, 2, 8, 5, 8]
select on 92107342 : [92107342, 9, 10, 0, 10]
select on 92107343 : [92107343, 8, 8, 17, 1]
select on 92107344 : [92107344, 0, 6, 12, 15]
select on 92107345 : [92107345, 19, 6, 10, 7]
select on 92107346 : [92107346, 19, 20, 7, 2]
select on 92107347 : [92107347, 16, 13, 20, 2]
select on 92107348 : [92107348, 1, 11, 4, 0]
select on 92107349 : [92107349, 6, 9, 19, 20]
select on 92107350 : [92107350, 1, 7, 8, 16]
select on 92107351 : [92107351, 7, 8, 12, 6]
select on 92107352 : [92107352, 3, 5, 13, 2]
select on 92107353 : [92107353, 14, 7, 17, 1]
select on 92107354 : [92107354, 16, 7, 7, 9]
select on 92107355 : [92107355, 10, 7, 7, 20]
select on 92107356 : [92107356, 3, 14, 11, 20]
select on 92107357 : [92107357, 7, 5, 6, 15]
select on 92107358 : [92107358, 8, 0, 3, 17]
select on 92107359 : [92107359, 7, 15, 3, 20]
select on 92107360 : [92107360, 19, 7, 18, 2]
select on 92107361 : [92107361, 6, 2, 7, 4]
select on 92107362 : [92107362, 12, 13, 15, 4]
select on 92107363 : [92107363, 0, 17, 9, 5]
select on 92107364 : [92107364, 15, 7, 1, 1]
select on 92107365 : [92107365, 14, 0, 1, 15]
select on 92107366 : [92107366, 10, 16, 5, 0]
select on 92107367 : [92107367, 0, 2, 15, 10]
select on 92107368 : [92107368, 3, 5, 6, 15]
select on 92107369 : [92107369, 20, 20, 20, 11]
select on 92107370 : [92107370, 1, 19, 15, 7]
select on 92107371 : [92107371, 16, 11, 4, 4]
select on 92107372 : [92107372, 3, 14, 7, 19]
select on 92107373 : [92107373, 18, 3, 6, 4]
select on 92107374 : [92107374, 19, 6, 6, 16]
select on 92107375 : [92107375, 9, 15, 15, 15]
select on 92107376 : [92107376, 13, 4, 7, 2]
select on 92107377 : [92107377, 12, 17, 2, 0]
select on 92107378 : [92107378, 10, 5, 17, 10]
select on 92107379 : [92107379, 14, 7, 3, 6]
select on 92107380 : [92107380, 0, 15, 20, 12]
select on 92107381 : [92107381, 10, 12, 8, 17]
select on 92107382 : [92107382, 20, 5, 4, 12]
select on 92107383 : [92107383, 5, 17, 4, 18]
select on 92107384 : [92107384, 11, 15, 14, 2]
select on 92107385 : [92107385, 6, 6, 0, 13]
select on 92107386 : [92107386, 3, 7, 4, 19]
select on 92107387 : [92107387, 3, 10, 3, 14]
select on 92107388 : [92107388, 13, 11, 6, 18]
select on 92107389 : [92107389, 11, 15, 0, 15]
select on 92107390 : [92107390, 3, 2, 1, 2]
select on 92107391 : [92107391, 0, 0, 13, 16]
select on 92107392 : [92107392, 0, 5, 20, 2]
select on 92107393 : [92107393, 5, 7, 10, 15]
select on 92107394 : [92107394, 20, 11, 6, 13]
select on 92107395 : [92107395, 18, 12, 6, 6]
select on 92107396 : [92107396, 16, 9, 9, 9]
select on 92107397 : [92107397, 19, 20, 8, 2]
select on 92107398 : [92107398, 3, 10, 4, 4]
select on 92107399 : [92107399, 4, 9, 5, 6]
select on 92107400 : [92107400, 3, 13, 11, 19]
select on 92107401 : [92107401, 0, 7, 20, 7]
select on 92107402 : [92107402, 1, 14, 12, 0]
select on 92107403 : [92107403, 17, 9, 15, 16]
select on 92107404 : [92107404, 15, 17, 7, 2]
select on 92107405 : [92107405, 6, 1, 5, 5]
select on 92107406 : [92107406, 13, 3, 2, 16]
select on 92107407 : [92107407, 6, 16, 3, 8]
select on 92107408 : [92107408, 0, 3, 4, 2]
select on 92107409 : [92107409, 4, 0, 14, 11]
select on 92107410 : [92107410, 7, 0, 1, 2]
select on 92107411 : [92107411, 17, 19, 8, 0]
select on 92107412 : [92107412, 11, 19, 12, 0]
select on 92107413 : [92107413, 12, 15, 13, 16]
select on 92107414 : [92107414, 6, 9, 12, 0]
select on 92107415 : [92107415, 14, 1, 7, 19]
select on 92107416 : [92107416, 20, 16, 11, 19]
select on 92107417 : [92107417, 15, 2, 12, 20]
select on 92107418 : [92107418, 6, 2, 18, 18]
select on 92107419 : [92107419, 1, 0, 5, 8]
select on 92107420 : [92107420, 4, 1, 1, 16]
select on 92107421 : [92107421, 9, 11, 10, 8]
select on 92107422 : [92107422, 14, 12, 5, 17]
select on 92107423 : [92107423, 14, 18, 3, 0]
select on 92107424 : [92107424, 0, 17, 1, 7]
select on 92107425 : [92107425, 19, 7, 13, 2]
select on 92107426 : [92107426, 19, 11, 10, 17]
select on 92107427 : [92107427, 16, 7, 15, 2]
select on 92107428 : [92107428, 15, 19, 14, 4]
Select finished
Select took:  12.158782675
Update finished
Update took:  3.3803775379999994
